강명준	25	1964/11/10	51	2003/06/18	2060	150	143	147	3	6
곽영효	19	1961/09/24	54	1997/05/28	3765	426	384	143	12	17
구자흥	07	1963/08/07	52	2010/04/05	920	88	102	193	24	22
김대근	48	1957/08/19	58	1986/07/30	7075	655	723	234	23	29
김동균	52	1975/08/24	40	2012/07/01	808	74	69	282	24	19
김순근	45	1957/05/05	58	2002/06/01	3686	255	307	347	28	23
김양선	36	1955/03/01	60	1983/06/05	8606	877	874	244	21	21
김윤섭	32	1968/09/20	47	1998/07/02	4126	270	350	217	10	16
김점오	17	1959/05/20	56	1987/07/10	7473	690	704	248	22	29
김학수	44	1960/08/02	55	2004/04/07	2091	217	186	231	7	20
김호	51	1968/03/23	47	2006/12/14	2761	314	288	420	46	50
김효섭	31	1965/11/04	50	2009/07/01	1405	158	153	304	38	45
박대흥	18	1958/08/07	57	1997/05/28	5125	685	563	279	35	35
박병일	27	1964/04/26	51	2011/07/15	531	36	37	133	5	5
박윤규	04	1966/09/26	49	2004/07/01	2644	214	219	265	16	15
박재우	50	1970/01/02	46	2011/01/26	1062	135	101	281	40	25
박종곤	01	1962/08/26	53	1997/09/04	3308	271	292	180	25	17
박천서	54	1963/06/08	52	2003/03/05	3183	328	310	258	26	27
박흥진	38	1956/03/20	59	1984/01/01	7918	691	697	150	8	7
박희철	15	1961/06/26	54	2002/07/01	3675	322	340	272	20	18
배대선	20	1960/04/02	55	1995/06/26	5859	716	666	359	50	35
배휴준	29	1966/09/25	49	2005/07/01	2950	218	249	257	23	17
서범석	12	1964/07/26	51	1999/07/01	3666	336	340	182	11	23
서인석	33	1968/11/20	47	2010/12/09	1753	160	171	465	45	39
서정하	43	1958/12/22	57	2004/09/01	2049	136	171	190	10	15
서홍수	24	1964/01/04	52	2008/09/24	1157	91	101	148	13	15
손영표	02	1966/11/14	49	2006/07/27	2003	187	176	228	23	13
송문길	40	1971/03/22	44	2013/07/01	455	52	46	233	31	22
신삼영	41	1963/11/06	52	2010/07/01	999	102	87	206	16	22
신우철	34	1952/08/12	63	1983/06/05	8644	1147	988	167	14	18
심승태	37	1978/02/14	37	2012/05/04	746	63	84	285	24	40
안병기	22	1966/01/20	49	2008/07/01	2080	200	191	102	7	13
안해양	26	1961/07/24	54	1999/08/26	3308	331	280	215	12	11
양재철	46	1955/02/26	60	1986/07/30	6593	526	572	176	9	10
양희진	11	1976/02/01	39	2012/11/01	495	34	36	213	13	18
우창구	05	1963/04/28	52	2008/07/01	1835	188	148	284	23	29
유재길	23	1961/07/16	54	2000/04/07	4363	358	385	271	13	15
이관호	42	1966/08/21	49	2013/11/01	382	42	26	187	23	10
이신영	14	1980/04/12	35	2011/07/01	1034	164	91	277	47	27
이희영	13	1960/08/16	55	1986/12/04	7236	583	640	190	25	25
임봉춘	21	1959/04/14	56	2002/08/22	3374	256	263	325	15	16
정지은	30	1954/07/19	61	1982/09/24	8073	721	827	193	16	17
정호익	10	1965/03/08	50	2006/03/04	2976	269	317	357	38	46
지용철	49	1959/06/27	56	1986/11/20	10245	790	908	355	10	18
지용훈	09	1955/10/25	60	1987/06/26	8641	754	797	307	40	32
최봉주	16	1962/11/19	53	2007/03/08	1554	126	130	207	10	9
최상식	28	1960/02/25	55	1993/07/13	5120	379	421	206	3	15
최영주	03	1966/09/03	49	1997/11/19	3938	295	305	176	7	6
최용구	08	1965/10/08	50	2012/07/01	525	90	61	207	39	20
하재흥	35	1955/03/06	60	1983/06/05	9728	871	941	287	21	21
허재영	39	1977/08/15	38	2012/07/01	646	34	44	256	15	20
홍대유	06	1963/01/15	52	2006/07/01	2244	201	177	218	12	11
황영원	47	1967/09/06	48	2010/07/01	924	61	65	182	8	8