곽영효	19	1961/09/24	55	1997/05/28	3863	438	393	133	18	13
구자흥	07	1963/08/07	53	2010/04/05	1061	105	118	190	24	21
김대근	48	1957/08/19	59	1986/07/30	7275	687	743	268	42	29
김동균	52	1975/08/24	41	2012/07/01	1065	89	90	331	22	26
김동철	53	1974/11/28	41	2016/03/16	84	1	7	84	1	7
김순근	45	1957/05/05	59	2002/06/01	3864	269	328	266	20	29
김양선	36	1955/03/01	61	1983/06/05	8778	890	892	244	21	24
김윤섭	32	1968/09/20	48	1998/07/02	4245	275	362	179	8	17
김점오	17	1959/05/20	57	1987/07/10	7650	718	722	245	32	27
김학수	44	1960/08/02	56	2004/04/07	2210	230	200	177	16	18
김호	51	1968/03/23	48	2006/12/14	2861	322	301	198	17	26
김효섭	31	1965/11/04	50	2009/07/01	1491	170	162	157	12	18
박대흥	18	1958/08/07	58	1997/05/28	5338	717	580	284	42	22
박병일	27	1964/04/26	52	2011/07/15	650	43	52	154	10	17
박윤규	04	1966/09/26	50	2004/07/01	2825	227	243	252	17	32
박재우	50	1970/01/02	46	2011/01/26	1244	162	130	252	40	33
박종곤	01	1962/08/26	54	1997/09/04	3431	299	307	170	34	20
박천서	54	1963/06/08	53	2003/03/05	3336	344	325	232	26	24
박흥진	38	1956/03/20	60	1984/01/01	8035	693	704	160	3	7
박희철	15	1961/06/26	55	2002/07/01	3875	339	357	272	22	21
배대선	20	1960/04/02	56	1995/06/26	6120	736	691	348	30	36
배휴준	29	1966/09/25	50	2005/07/01	3189	235	272	310	26	28
브라이	55	1958/04/13	58	2016/03/16	53	8	7	53	8	7
서범석	12	1964/07/26	52	1999/07/01	3807	346	351	187	13	19
서인석	33	1968/11/20	47	2010/12/09	2085	188	203	457	40	44
서정하	43	1958/12/22	57	2004/09/01	2173	142	178	161	8	13
서홍수	24	1964/01/04	52	2008/09/24	1288	101	107	177	13	11
손영표	02	1966/11/14	49	2006/07/27	2164	195	187	223	15	12
송문길	40	1971/03/22	45	2013/07/01	639	82	73	250	39	40
신삼영	41	1963/11/06	52	2010/07/01	1151	118	106	206	18	28
심승태	37	1978/02/14	38	2012/05/04	947	81	103	278	23	27
안병기	22	1966/01/20	50	2008/07/01	2209	210	202	129	10	11
안해양	26	1961/07/24	55	1999/08/26	3425	336	288	174	6	9
양재철	46	1955/02/26	61	1986/07/30	6700	534	580	154	11	10
양희진	11	1976/02/01	40	2012/11/01	625	46	42	186	15	8
우창구	05	1963/04/28	53	2008/07/01	2049	213	169	286	32	29
유재길	23	1961/07/16	55	2000/04/07	4549	370	395	257	15	12
이관호	42	1966/08/21	50	2013/11/01	533	64	40	207	34	17
이신영	14	1980/04/12	36	2011/07/01	1246	188	110	291	31	27
이희영	13	1960/08/16	56	1986/12/04	7388	597	655	196	19	23
임봉춘	21	1959/04/14	57	2002/08/22	3615	273	295	317	20	34
정지은	30	1954/07/19	62	1982/09/24	8212	731	832	195	17	10
정호익	10	1965/03/08	51	2006/03/04	3205	295	336	320	32	24
지용철	49	1959/06/27	57	1986/11/20	10494	801	928	335	15	26
지용훈	09	1955/10/25	60	1987/06/26	8854	767	822	292	26	32
최봉주	16	1962/11/19	53	2007/03/08	1702	142	139	203	20	12
최상식	28	1960/02/25	56	1993/07/13	5246	388	428	180	9	9
최영주	03	1966/09/03	50	1997/11/19	4059	302	312	177	10	10
최용구	08	1965/10/08	51	2012/07/01	662	103	72	188	24	16
하재흥	35	1955/03/06	61	1983/06/05	9956	899	963	314	32	26
허재영	39	1977/08/15	39	2012/07/01	799	44	56	217	13	20
홍대유	06	1963/01/15	53	2006/07/01	2417	219	181	231	23	7
황영원	47	1967/09/06	49	2010/07/01	1088	68	76	208	8	12