곽영효	19	1961/09/24	55	1997/05/28	3875	438	394	134	17	12
구자흥	07	1963/08/07	53	2010/04/05	1075	107	119	190	24	22
김대근	48	1957/08/19	59	1986/07/30	7299	690	748	273	42	33
김동균	52	1975/08/24	41	2012/07/01	1090	91	93	338	22	27
김동철	53	1974/11/28	41	2016/03/16	98	3	8	98	3	8
김순근	45	1957/05/05	59	2002/06/01	3882	269	330	257	19	26
김양선	36	1955/03/01	61	1983/06/05	8794	890	894	237	18	26
김윤섭	32	1968/09/20	48	1998/07/02	4258	276	363	176	8	18
김점오	17	1959/05/20	57	1987/07/10	7672	719	726	252	32	28
김학수	44	1960/08/02	56	2004/04/07	2218	230	201	165	15	18
김호	51	1968/03/23	48	2006/12/14	2861	322	301	162	13	20
김효섭	31	1965/11/04	51	2009/07/01	1491	170	162	138	12	17
박대흥	18	1958/08/07	58	1997/05/28	5364	721	582	284	40	20
박병일	27	1964/04/26	52	2011/07/15	663	43	56	156	10	21
박윤규	04	1966/09/26	50	2004/07/01	2849	228	246	253	16	33
박재우	50	1970/01/02	46	2011/01/26	1268	166	131	256	41	31
박종곤	01	1962/08/26	54	1997/09/04	3447	301	308	169	34	19
박천서	54	1963/06/08	53	2003/03/05	3353	345	326	218	23	21
박흥진	38	1956/03/20	60	1984/01/01	8045	693	705	158	2	8
박희철	15	1961/06/26	55	2002/07/01	3903	339	359	276	18	20
배대선	20	1960/04/02	56	1995/06/26	6150	737	694	347	29	35
배휴준	29	1966/09/25	50	2005/07/01	3211	239	274	309	26	28
브라이	55	1958/04/13	58	2016/03/16	68	13	11	68	13	11
서범석	12	1964/07/26	52	1999/07/01	3819	348	351	184	13	17
서인석	33	1968/11/20	47	2010/12/09	2118	191	206	455	42	44
서정하	43	1958/12/22	57	2004/09/01	2184	144	178	158	10	9
서홍수	24	1964/01/04	52	2008/09/24	1300	101	107	177	13	10
손영표	02	1966/11/14	49	2006/07/27	2175	197	187	218	14	12
송문길	40	1971/03/22	45	2013/07/01	662	85	75	258	40	40
신삼영	41	1963/11/06	53	2010/07/01	1170	119	108	210	18	30
심승태	37	1978/02/14	38	2012/05/04	970	83	103	280	24	24
안병기	22	1966/01/20	50	2008/07/01	2240	211	206	160	11	15
안해양	26	1961/07/24	55	1999/08/26	3436	336	288	166	6	9
양재철	46	1955/02/26	61	1986/07/30	6710	534	580	151	10	9
양희진	11	1976/02/01	40	2012/11/01	636	48	42	181	16	8
우창구	05	1963/04/28	53	2008/07/01	2064	215	175	278	28	33
유재길	23	1961/07/16	55	2000/04/07	4568	370	396	254	14	12
이관호	42	1966/08/21	50	2013/11/01	553	70	40	209	35	17
이신영	14	1980/04/12	36	2011/07/01	1269	192	110	295	33	24
이희영	13	1960/08/16	56	1986/12/04	7406	599	656	201	19	20
임봉춘	21	1959/04/14	57	2002/08/22	3641	275	297	319	21	36
정지은	30	1954/07/19	62	1982/09/24	8226	732	834	193	16	9
정호익	10	1965/03/08	51	2006/03/04	3228	298	337	319	35	25
지용철	49	1959/06/27	57	1986/11/20	10522	804	928	334	18	24
지용훈	09	1955/10/25	61	1987/06/26	8878	768	823	290	22	31
최봉주	16	1962/11/19	53	2007/03/08	1718	145	140	203	22	12
최상식	28	1960/02/25	56	1993/07/13	5260	389	430	181	10	11
최영주	03	1966/09/03	50	1997/11/19	4073	302	318	177	9	15
최용구	08	1965/10/08	51	2012/07/01	680	105	75	187	23	16
하재흥	35	1955/03/06	61	1983/06/05	9988	903	967	319	35	29
허재영	39	1977/08/15	39	2012/07/01	811	45	57	210	13	17
홍대유	06	1963/01/15	53	2006/07/01	2434	222	183	234	26	8
황영원	47	1967/09/06	49	2010/07/01	1106	68	76	215	8	12