강명준	25	1964/11/10	51	2003/06/18	2083	151	144	148	3	7
곽영효	19	1961/09/24	54	1997/05/28	3783	426	385	129	9	15
구자흥	07	1963/08/07	52	2010/04/05	952	91	106	197	22	23
김대근	48	1957/08/19	58	1986/07/30	7115	661	726	237	24	28
김동균	52	1975/08/24	40	2012/07/01	857	74	74	289	20	22
김순근	45	1957/05/05	58	2002/06/01	3725	257	311	333	28	21
김양선	36	1955/03/01	61	1983/06/05	8644	880	877	246	23	21
김윤섭	32	1968/09/20	47	1998/07/02	4155	274	354	218	11	17
김점오	17	1959/05/20	56	1987/07/10	7516	696	710	253	21	33
김학수	44	1960/08/02	55	2004/04/07	2121	219	187	231	9	19
김호	51	1968/03/23	47	2006/12/14	2816	320	294	417	49	49
김효섭	31	1965/11/04	50	2009/07/01	1449	164	156	299	38	39
박대흥	18	1958/08/07	57	1997/05/28	5171	690	569	287	36	37
박병일	27	1964/04/26	51	2011/07/15	552	37	40	131	6	7
박윤규	04	1966/09/26	49	2004/07/01	2681	217	223	264	17	18
박재우	50	1970/01/02	46	2011/01/26	1098	140	109	278	41	30
박종곤	01	1962/08/26	53	1997/09/04	3332	276	295	187	25	19
박천서	54	1963/06/08	52	2003/03/05	3215	331	313	261	28	28
박흥진	38	1956/03/20	59	1984/01/01	7945	691	698	151	6	8
박희철	15	1961/06/26	54	2002/07/01	3721	325	344	280	22	19
배대선	20	1960/04/02	55	1995/06/26	5905	720	670	349	45	29
배휴준	29	1966/09/25	49	2005/07/01	2995	221	252	275	26	18
서범석	12	1964/07/26	51	1999/07/01	3692	339	342	170	11	19
서인석	33	1968/11/20	47	2010/12/09	1823	167	178	459	45	42
서정하	43	1958/12/22	57	2004/09/01	2068	138	172	176	12	14
서홍수	24	1964/01/04	52	2008/09/24	1184	94	101	155	14	14
손영표	02	1966/11/14	49	2006/07/27	2039	187	179	230	19	14
송문길	40	1971/03/22	44	2013/07/01	487	55	52	231	30	26
신삼영	41	1963/11/06	52	2010/07/01	1030	104	90	207	16	24
신우철	34	1952/08/12	63	1983/06/05	8665	1147	988	156	11	14
심승태	37	1978/02/14	38	2012/05/04	785	67	87	283	24	39
안병기	22	1966/01/20	50	2008/07/01	2080	200	191	57	3	5
안해양	26	1961/07/24	54	1999/08/26	3334	335	281	220	14	11
양재철	46	1955/02/26	61	1986/07/30	6617	527	573	176	10	10
양희진	11	1976/02/01	40	2012/11/01	529	40	38	219	16	19
우창구	05	1963/04/28	52	2008/07/01	1881	191	152	285	23	30
유재길	23	1961/07/16	54	2000/04/07	4407	361	386	279	13	13
이관호	42	1966/08/21	49	2013/11/01	413	44	28	189	22	12
이신영	14	1980/04/12	35	2011/07/01	1074	168	94	280	45	27
이희영	13	1960/08/16	55	1986/12/04	7264	586	642	188	23	25
임봉춘	21	1959/04/14	56	2002/08/22	3419	258	267	324	14	16
정지은	30	1954/07/19	61	1982/09/24	8102	723	827	197	16	14
정호익	10	1965/03/08	51	2006/03/04	3019	272	319	350	37	36
지용철	49	1959/06/27	56	1986/11/20	10304	791	916	350	10	24
지용훈	09	1955/10/25	60	1987/06/26	8691	755	801	315	38	33
최봉주	16	1962/11/19	53	2007/03/08	1588	128	132	216	11	10
최상식	28	1960/02/25	56	1993/07/13	5149	383	421	203	6	12
최영주	03	1966/09/03	49	1997/11/19	3966	298	306	178	10	7
최용구	08	1965/10/08	50	2012/07/01	561	93	64	208	36	20
하재흥	35	1955/03/06	61	1983/06/05	9775	877	946	289	21	21
허재영	39	1977/08/15	38	2012/07/01	686	38	48	263	17	24
홍대유	06	1963/01/15	53	2006/07/01	2280	205	178	221	15	11
황영원	47	1967/09/06	48	2010/07/01	966	62	67	201	9	10