강명준	25	1964/11/10	51	2003/06/18	2056	150	142	146	3	5
곽영효	19	1961/09/24	54	1997/05/28	3763	425	384	145	11	17
구자흥	07	1963/08/07	52	2010/04/05	914	86	102	196	27	22
김대근	48	1957/08/19	58	1986/07/30	7064	653	721	233	24	28
김동균	52	1975/08/24	40	2012/07/01	794	73	68	278	25	19
김순근	45	1957/05/05	58	2002/06/01	3669	254	307	342	27	23
김양선	36	1955/03/01	60	1983/06/05	8595	876	873	243	21	21
김윤섭	32	1968/09/20	47	1998/07/02	4119	270	348	221	11	15
김점오	17	1959/05/20	56	1987/07/10	7462	690	701	247	23	26
김학수	44	1960/08/02	55	2004/04/07	2083	217	186	231	8	21
김호	51	1968/03/23	47	2006/12/14	2747	312	284	419	45	48
김효섭	31	1965/11/04	50	2009/07/01	1391	158	152	295	38	45
박대흥	18	1958/08/07	57	1997/05/28	5115	683	563	282	36	35
박병일	27	1964/04/26	51	2011/07/15	527	36	37	133	6	6
박윤규	04	1966/09/26	49	2004/07/01	2634	214	219	268	16	16
박재우	50	1970/01/02	45	2011/01/26	1052	133	100	279	39	24
박종곤	01	1962/08/26	53	1997/09/04	3299	270	291	177	25	20
박천서	54	1963/06/08	52	2003/03/05	3176	328	309	257	27	26
박흥진	38	1956/03/20	59	1984/01/01	7915	691	697	154	8	7
박희철	15	1961/06/26	54	2002/07/01	3666	322	340	273	22	20
배대선	20	1960/04/02	55	1995/06/26	5851	714	664	363	48	36
배휴준	29	1966/09/25	49	2005/07/01	2942	218	249	258	23	19
서범석	12	1964/07/26	51	1999/07/01	3659	335	340	187	11	25
서인석	33	1968/11/20	47	2010/12/09	1734	158	169	463	44	37
서정하	43	1958/12/22	57	2004/09/01	2044	136	171	197	11	16
서홍수	24	1964/01/04	51	2008/09/24	1148	90	101	146	12	15
손영표	02	1966/11/14	49	2006/07/27	1994	185	175	228	21	12
송문길	40	1971/03/22	44	2013/07/01	440	50	42	227	30	18
신삼영	41	1963/11/06	52	2010/07/01	985	102	83	199	17	19
신우철	34	1952/08/12	63	1983/06/05	8639	1147	988	172	15	18
심승태	37	1978/02/14	37	2012/05/04	733	63	84	281	24	42
안병기	22	1966/01/20	49	2008/07/01	2080	200	191	119	10	14
안해양	26	1961/07/24	54	1999/08/26	3301	331	279	215	12	11
양재철	46	1955/02/26	60	1986/07/30	6585	526	572	174	10	10
양희진	11	1976/02/01	39	2012/11/01	488	33	36	214	14	18
우창구	05	1963/04/28	52	2008/07/01	1825	188	148	285	24	29
유재길	23	1961/07/16	54	2000/04/07	4351	357	384	273	14	17
이관호	42	1966/08/21	49	2013/11/01	375	41	26	190	22	10
이신영	14	1980/04/12	35	2011/07/01	1020	163	89	274	47	29
이희영	13	1960/08/16	55	1986/12/04	7233	583	639	192	26	24
임봉춘	21	1959/04/14	56	2002/08/22	3362	256	263	331	15	17
정지은	30	1954/07/19	61	1982/09/24	8065	720	827	193	15	18
정호익	10	1965/03/08	50	2006/03/04	2959	266	314	353	37	45
지용철	49	1959/06/27	56	1986/11/20	10230	786	908	352	6	20
지용훈	09	1955/10/25	60	1987/06/26	8629	754	797	308	41	32
최봉주	16	1962/11/19	53	2007/03/08	1545	125	130	204	9	9
최상식	28	1960/02/25	55	1993/07/13	5111	379	420	205	3	16
최영주	03	1966/09/03	49	1997/11/19	3930	295	305	177	7	7
최용구	08	1965/10/08	50	2012/07/01	517	88	61	207	38	20
하재흥	35	1955/03/06	60	1983/06/05	9714	871	940	284	23	22
허재영	39	1977/08/15	38	2012/07/01	639	34	43	258	15	20
홍대유	06	1963/01/15	52	2006/07/01	2235	199	177	218	12	11
황영원	47	1967/09/06	48	2010/07/01	919	61	65	184	8	9