강명준	25	1964/11/10	51	2003/06/18	2072	151	143	143	3	6
곽영효	19	1961/09/24	54	1997/05/28	3774	426	385	130	10	15
구자흥	07	1963/08/07	52	2010/04/05	937	91	104	193	23	23
김대근	48	1957/08/19	58	1986/07/30	7098	660	724	231	25	27
김동균	52	1975/08/24	40	2012/07/01	837	74	72	281	21	21
김순근	45	1957/05/05	58	2002/06/01	3709	256	309	333	27	22
김양선	36	1955/03/01	60	1983/06/05	8629	878	875	242	21	20
김윤섭	32	1968/09/20	47	1998/07/02	4142	272	352	212	10	16
김점오	17	1959/05/20	56	1987/07/10	7497	693	706	247	20	30
김학수	44	1960/08/02	55	2004/04/07	2110	218	187	230	8	20
김호	51	1968/03/23	47	2006/12/14	2797	318	293	412	48	50
김효섭	31	1965/11/04	50	2009/07/01	1432	160	156	301	37	41
박대흥	18	1958/08/07	57	1997/05/28	5154	687	567	283	34	36
박병일	27	1964/04/26	51	2011/07/15	544	37	38	129	6	5
박윤규	04	1966/09/26	49	2004/07/01	2665	215	221	257	15	16
박재우	50	1970/01/02	46	2011/01/26	1085	138	106	274	40	27
박종곤	01	1962/08/26	53	1997/09/04	3319	273	294	179	23	18
박천서	54	1963/06/08	52	2003/03/05	3202	329	311	256	26	27
박흥진	38	1956/03/20	59	1984/01/01	7933	691	698	147	8	8
박희철	15	1961/06/26	54	2002/07/01	3702	323	343	273	20	18
배대선	20	1960/04/02	55	1995/06/26	5885	718	669	348	45	32
배휴준	29	1966/09/25	49	2005/07/01	2976	220	251	265	25	18
서범석	12	1964/07/26	51	1999/07/01	3681	338	342	170	10	22
서인석	33	1968/11/20	47	2010/12/09	1801	164	175	460	44	39
서정하	43	1958/12/22	57	2004/09/01	2061	137	171	176	11	14
서홍수	24	1964/01/04	52	2008/09/24	1170	93	101	145	13	14
손영표	02	1966/11/14	49	2006/07/27	2025	187	177	227	19	13
송문길	40	1971/03/22	44	2013/07/01	473	53	49	227	30	23
신삼영	41	1963/11/06	52	2010/07/01	1016	103	88	201	15	22
신우철	34	1952/08/12	63	1983/06/05	8657	1147	988	159	11	16
심승태	37	1978/02/14	38	2012/05/04	768	64	87	278	23	40
안병기	22	1966/01/20	50	2008/07/01	2080	200	191	71	4	7
안해양	26	1961/07/24	54	1999/08/26	3326	334	281	218	13	11
양재철	46	1955/02/26	60	1986/07/30	6607	527	573	172	10	10
양희진	11	1976/02/01	40	2012/11/01	513	36	37	209	12	18
우창구	05	1963/04/28	52	2008/07/01	1864	190	152	282	22	30
유재길	23	1961/07/16	54	2000/04/07	4386	360	386	270	13	14
이관호	42	1966/08/21	49	2013/11/01	398	44	27	183	23	11
이신영	14	1980/04/12	35	2011/07/01	1061	166	93	277	45	26
이희영	13	1960/08/16	55	1986/12/04	7253	585	641	186	24	25
임봉춘	21	1959/04/14	56	2002/08/22	3404	258	266	325	17	16
정지은	30	1954/07/19	61	1982/09/24	8092	723	827	195	17	16
정호익	10	1965/03/08	50	2006/03/04	3002	272	317	354	39	41
지용철	49	1959/06/27	56	1986/11/20	10276	790	912	342	9	20
지용훈	09	1955/10/25	60	1987/06/26	8669	754	798	308	39	30
최봉주	16	1962/11/19	53	2007/03/08	1575	128	130	213	11	9
최상식	28	1960/02/25	55	1993/07/13	5137	381	421	200	4	12
최영주	03	1966/09/03	49	1997/11/19	3953	297	306	171	9	7
최용구	08	1965/10/08	50	2012/07/01	545	93	63	204	38	20
하재흥	35	1955/03/06	60	1983/06/05	9753	875	944	281	21	19
허재영	39	1977/08/15	38	2012/07/01	669	36	47	254	16	23
홍대유	06	1963/01/15	53	2006/07/01	2262	204	177	213	15	10
황영원	47	1967/09/06	48	2010/07/01	948	62	67	194	9	10