곽영효	19	1961/09/24	55	1997/05/28	3915	439	397	141	13	12
구자흥	07	1963/08/07	53	2010/04/05	1123	109	130	186	18	26
김대근	48	1957/08/19	59	1986/07/30	7365	697	756	267	37	32
김동균	52	1975/08/24	41	2012/07/01	1170	96	95	333	22	23
김동철	53	1974/11/28	42	2016/03/16	140	5	12	140	5	12
김순근	45	1957/05/05	59	2002/06/01	3944	272	334	235	16	25
김양선	36	1955/03/01	61	1983/06/05	8848	899	900	219	21	25
김윤섭	32	1968/09/20	48	1998/07/02	4307	280	367	165	8	15
김점오	17	1959/05/20	57	1987/07/10	7736	723	729	239	30	23
김학수	44	1960/08/02	56	2004/04/07	2244	233	201	134	15	14
박대흥	18	1958/08/07	58	1997/05/28	5443	734	593	289	47	26
박병일	27	1964/04/26	52	2011/07/15	702	46	59	158	9	21
박윤규	04	1966/09/26	50	2004/07/01	2922	238	254	257	23	33
박재우	50	1970/01/02	47	2011/01/26	1354	175	142	269	37	36
박종곤	01	1962/08/26	54	1997/09/04	3499	306	312	180	33	18
박천서	54	1963/06/08	53	2003/03/05	3413	350	331	211	21	20
박흥진	38	1956/03/20	60	1984/01/01	8090	695	706	157	4	8
박희철	15	1961/06/26	55	2002/07/01	3973	342	363	271	19	20
배대선	20	1960/04/02	56	1995/06/26	6253	747	701	368	29	32
배휴준	29	1966/09/25	50	2005/07/01	3279	243	278	303	23	27
브라이	55	1958/04/13	58	2016/03/16	103	19	16	103	19	16
서범석	12	1964/07/26	52	1999/07/01	3867	352	356	186	14	14
서인석	33	1968/11/20	48	2010/12/09	2237	203	226	436	39	51
서정하	43	1958/12/22	58	2004/09/01	2233	144	182	172	7	11
서홍수	24	1964/01/04	53	2008/09/24	1342	103	110	172	10	9
손영표	02	1966/11/14	50	2006/07/27	2217	200	188	192	13	11
송문길	40	1971/03/22	45	2013/07/01	751	99	85	278	46	36
신삼영	41	1963/11/06	53	2010/07/01	1223	127	111	207	24	23
심승태	37	1978/02/14	39	2012/05/04	1057	93	112	289	29	25
안병기	22	1966/01/20	51	2008/07/01	2341	223	215	261	23	24
안해양	26	1961/07/24	55	1999/08/26	3478	338	291	152	4	10
양재철	46	1955/02/26	61	1986/07/30	6744	538	584	137	11	11
양희진	11	1976/02/01	41	2012/11/01	677	50	44	164	14	7
우창구	05	1963/04/28	53	2008/07/01	2134	220	181	270	30	29
유재길	23	1961/07/16	55	2000/04/07	4639	378	399	253	18	13
이관호	42	1966/08/21	50	2013/11/01	623	79	47	225	35	20
이신영	14	1980/04/12	36	2011/07/01	1358	202	115	297	36	22
이희영	13	1960/08/16	56	1986/12/04	7454	601	660	201	16	19
임봉춘	21	1959/04/14	57	2002/08/22	3730	283	307	326	25	41
정지은	30	1954/07/19	62	1982/09/24	8274	737	842	182	14	15
정호익	10	1965/03/08	51	2006/03/04	3321	309	349	319	37	32
지용철	49	1959/06/27	57	1986/11/20	10617	818	935	341	28	23
지용훈	09	1955/10/25	61	1987/06/26	8948	770	826	279	16	28
최봉주	16	1962/11/19	54	2007/03/08	1775	147	147	200	19	17
최상식	28	1960/02/25	56	1993/07/13	5310	395	435	173	14	14
최영주	03	1966/09/03	50	1997/11/19	4120	307	323	167	10	17
최용구	08	1965/10/08	51	2012/07/01	730	108	79	185	15	16
하재흥	35	1955/03/06	61	1983/06/05	10090	908	971	337	33	27
허재영	39	1977/08/15	39	2012/07/01	846	45	58	177	9	11
홍대유	06	1963/01/15	54	2006/07/01	2505	226	192	243	22	15
황영원	47	1967/09/06	49	2010/07/01	1146	71	79	198	9	12