곽영효	19	1961/09/24	55	1997/05/28	3921	440	397	139	14	12
구자흥	07	1963/08/07	53	2010/04/05	1132	110	133	184	19	28
김대근	48	1957/08/19	59	1986/07/30	7375	697	759	263	36	33
김동균	52	1975/08/24	41	2012/07/01	1186	99	96	336	25	22
김동철	53	1974/11/28	42	2016/03/16	153	5	15	153	5	15
김순근	45	1957/05/05	59	2002/06/01	3954	273	335	234	16	25
김양선	36	1955/03/01	62	1983/06/05	8855	900	901	213	20	24
김윤섭	32	1968/09/20	48	1998/07/02	4314	280	368	165	6	16
김점오	17	1959/05/20	57	1987/07/10	7745	723	729	236	28	21
김학수	44	1960/08/02	56	2004/04/07	2247	233	201	127	14	14
박대흥	18	1958/08/07	58	1997/05/28	5456	737	595	291	49	27
박병일	27	1964/04/26	52	2011/07/15	714	47	59	163	10	20
박윤규	04	1966/09/26	50	2004/07/01	2935	239	255	260	23	33
박재우	50	1970/01/02	47	2011/01/26	1369	176	145	276	38	36
박종곤	01	1962/08/26	54	1997/09/04	3510	307	313	182	33	18
박천서	54	1963/06/08	53	2003/03/05	3423	351	333	211	21	20
박흥진	38	1956/03/20	60	1984/01/01	8098	695	706	156	4	8
박희철	15	1961/06/26	55	2002/07/01	3989	344	363	273	19	19
배대선	20	1960/04/02	56	1995/06/26	6269	748	701	371	28	31
배휴준	29	1966/09/25	50	2005/07/01	3292	243	279	302	22	27
브라이	55	1958/04/13	58	2016/03/16	108	20	16	108	20	16
서범석	12	1964/07/26	52	1999/07/01	3872	352	356	184	13	14
서인석	33	1968/11/20	48	2010/12/09	2258	204	226	440	38	50
서정하	43	1958/12/22	58	2004/09/01	2241	144	183	176	7	11
서홍수	24	1964/01/04	53	2008/09/24	1349	103	110	170	9	9
손영표	02	1966/11/14	50	2006/07/27	2221	200	188	184	13	10
송문길	40	1971/03/22	45	2013/07/01	765	101	87	283	46	37
신삼영	41	1963/11/06	53	2010/07/01	1235	127	113	208	23	24
심승태	37	1978/02/14	39	2012/05/04	1072	94	112	294	29	25
안병기	22	1966/01/20	51	2008/07/01	2357	225	218	277	25	27
안해양	26	1961/07/24	55	1999/08/26	3487	340	291	155	6	10
양재철	46	1955/02/26	62	1986/07/30	6749	538	584	136	11	11
양희진	11	1976/02/01	41	2012/11/01	681	50	44	155	11	6
우창구	05	1963/04/28	53	2008/07/01	2145	223	182	267	33	30
유재길	23	1961/07/16	55	2000/04/07	4651	378	400	249	17	14
이관호	42	1966/08/21	50	2013/11/01	633	81	48	225	37	20
이신영	14	1980/04/12	36	2011/07/01	1369	205	115	301	38	21
이희영	13	1960/08/16	56	1986/12/04	7465	602	661	204	16	20
임봉춘	21	1959/04/14	57	2002/08/22	3744	283	309	330	25	42
정지은	30	1954/07/19	62	1982/09/24	8281	737	842	181	14	15
정호익	10	1965/03/08	51	2006/03/04	3328	311	350	310	39	31
지용철	49	1959/06/27	57	1986/11/20	10626	820	937	333	29	22
지용훈	09	1955/10/25	61	1987/06/26	8962	770	827	280	15	27
최봉주	16	1962/11/19	54	2007/03/08	1789	148	149	205	20	17
최상식	28	1960/02/25	57	1993/07/13	5315	396	435	168	14	14
최영주	03	1966/09/03	50	1997/11/19	4126	308	323	166	11	17
최용구	08	1965/10/08	51	2012/07/01	739	108	79	184	15	16
하재흥	35	1955/03/06	61	1983/06/05	10110	911	972	340	35	27
허재영	39	1977/08/15	39	2012/07/01	853	45	58	174	8	11
홍대유	06	1963/01/15	54	2006/07/01	2520	226	194	245	21	17
황영원	47	1967/09/06	49	2010/07/01	1146	71	79	186	9	12