곽영효	19	1961/09/24	55	1997/05/28	3862	438	392	135	18	12
구자흥	07	1963/08/07	53	2010/04/05	1056	103	118	188	22	21
김대근	48	1957/08/19	59	1986/07/30	7269	686	743	266	42	29
김동균	52	1975/08/24	41	2012/07/01	1058	89	90	328	22	27
김동철	53	1974/11/28	41	2016/03/16	80	1	7	80	1	7
김순근	45	1957/05/05	59	2002/06/01	3860	267	328	270	18	30
김양선	36	1955/03/01	61	1983/06/05	8773	889	892	242	20	24
김윤섭	32	1968/09/20	48	1998/07/02	4241	275	362	182	8	18
김점오	17	1959/05/20	57	1987/07/10	7647	718	722	248	32	28
김학수	44	1960/08/02	56	2004/04/07	2207	230	200	181	16	18
김호	51	1968/03/23	48	2006/12/14	2861	322	301	208	18	27
김효섭	31	1965/11/04	50	2009/07/01	1491	170	162	165	15	18
박대흥	18	1958/08/07	58	1997/05/28	5329	716	578	283	41	21
박병일	27	1964/04/26	52	2011/07/15	649	43	52	157	10	18
박윤규	04	1966/09/26	50	2004/07/01	2822	227	241	255	18	30
박재우	50	1970/01/02	46	2011/01/26	1237	161	130	251	40	34
박종곤	01	1962/08/26	54	1997/09/04	3428	299	306	173	34	20
박천서	54	1963/06/08	53	2003/03/05	3330	342	325	231	24	24
박흥진	38	1956/03/20	60	1984/01/01	8030	693	704	157	3	7
박희철	15	1961/06/26	55	2002/07/01	3872	339	356	273	22	20
배대선	20	1960/04/02	56	1995/06/26	6109	735	688	345	31	33
배휴준	29	1966/09/25	50	2005/07/01	3182	234	272	311	25	29
브라이	55	1958/04/13	58	2016/03/16	51	8	7	51	8	7
서범석	12	1964/07/26	52	1999/07/01	3802	346	350	186	13	18
서인석	33	1968/11/20	47	2010/12/09	2077	188	203	457	41	44
서정하	43	1958/12/22	57	2004/09/01	2165	142	178	158	8	13
서홍수	24	1964/01/04	52	2008/09/24	1286	101	107	178	13	11
손영표	02	1966/11/14	49	2006/07/27	2162	195	186	225	17	11
송문길	40	1971/03/22	45	2013/07/01	634	82	73	252	39	42
신삼영	41	1963/11/06	52	2010/07/01	1147	118	105	206	19	28
심승태	37	1978/02/14	38	2012/05/04	941	80	102	280	23	28
안병기	22	1966/01/20	50	2008/07/01	2204	209	201	124	9	10
안해양	26	1961/07/24	55	1999/08/26	3423	336	288	175	6	9
양재철	46	1955/02/26	61	1986/07/30	6698	534	580	155	11	10
양희진	11	1976/02/01	40	2012/11/01	625	46	42	193	15	9
우창구	05	1963/04/28	53	2008/07/01	2043	211	167	285	31	27
유재길	23	1961/07/16	55	2000/04/07	4544	370	394	257	15	11
이관호	42	1966/08/21	50	2013/11/01	528	64	40	206	36	17
이신영	14	1980/04/12	36	2011/07/01	1240	187	110	290	30	29
이희영	13	1960/08/16	56	1986/12/04	7383	596	655	194	18	24
임봉춘	21	1959/04/14	57	2002/08/22	3606	273	294	315	21	34
정지은	30	1954/07/19	62	1982/09/24	8208	731	831	195	17	9
정호익	10	1965/03/08	51	2006/03/04	3198	294	336	321	33	25
지용철	49	1959/06/27	57	1986/11/20	10490	801	928	339	15	26
지용훈	09	1955/10/25	60	1987/06/26	8849	765	822	291	25	32
최봉주	16	1962/11/19	53	2007/03/08	1698	141	139	201	19	12
최상식	28	1960/02/25	56	1993/07/13	5243	388	428	179	9	9
최영주	03	1966/09/03	50	1997/11/19	4056	302	311	174	10	9
최용구	08	1965/10/08	50	2012/07/01	661	103	72	189	24	16
하재흥	35	1955/03/06	61	1983/06/05	9952	899	962	315	33	25
허재영	39	1977/08/15	39	2012/07/01	795	44	56	221	13	21
홍대유	06	1963/01/15	53	2006/07/01	2414	219	181	231	23	8
황영원	47	1967/09/06	49	2010/07/01	1085	68	76	210	8	12