곽영효	19	1961/09/24	55	1997/05/28	3868	438	394	134	18	13
구자흥	07	1963/08/07	53	2010/04/05	1064	105	118	190	24	21
김대근	48	1957/08/19	59	1986/07/30	7280	687	743	266	42	29
김동균	52	1975/08/24	41	2012/07/01	1074	89	91	333	21	27
김동철	53	1974/11/28	41	2016/03/16	88	2	7	88	2	7
김순근	45	1957/05/05	59	2002/06/01	3869	269	328	263	20	27
김양선	36	1955/03/01	61	1983/06/05	8782	890	892	238	20	24
김윤섭	32	1968/09/20	48	1998/07/02	4249	276	362	178	9	17
김점오	17	1959/05/20	57	1987/07/10	7654	718	723	247	32	28
김학수	44	1960/08/02	56	2004/04/07	2210	230	200	170	16	17
김호	51	1968/03/23	48	2006/12/14	2861	322	301	191	16	26
김효섭	31	1965/11/04	50	2009/07/01	1491	170	162	153	12	18
박대흥	18	1958/08/07	58	1997/05/28	5343	717	581	283	42	23
박병일	27	1964/04/26	52	2011/07/15	654	43	54	155	10	19
박윤규	04	1966/09/26	50	2004/07/01	2830	227	243	251	17	31
박재우	50	1970/01/02	46	2011/01/26	1251	164	130	256	41	33
박종곤	01	1962/08/26	54	1997/09/04	3434	299	307	170	34	20
박천서	54	1963/06/08	53	2003/03/05	3340	344	325	225	24	23
박흥진	38	1956/03/20	60	1984/01/01	8036	693	705	157	3	8
박희철	15	1961/06/26	55	2002/07/01	3881	339	357	268	21	19
배대선	20	1960/04/02	56	1995/06/26	6130	736	691	350	30	36
배휴준	29	1966/09/25	50	2005/07/01	3194	236	272	310	24	28
브라이	55	1958/04/13	58	2016/03/16	58	11	8	58	11	8
서범석	12	1964/07/26	52	1999/07/01	3809	346	351	182	12	18
서인석	33	1968/11/20	47	2010/12/09	2091	189	204	455	41	45
서정하	43	1958/12/22	57	2004/09/01	2175	144	178	159	10	13
서홍수	24	1964/01/04	52	2008/09/24	1292	101	107	179	13	10
손영표	02	1966/11/14	49	2006/07/27	2167	195	187	222	13	12
송문길	40	1971/03/22	45	2013/07/01	647	83	73	256	40	40
신삼영	41	1963/11/06	52	2010/07/01	1156	118	107	208	17	29
심승태	37	1978/02/14	38	2012/05/04	954	81	103	279	23	26
안병기	22	1966/01/20	50	2008/07/01	2217	210	204	137	10	13
안해양	26	1961/07/24	55	1999/08/26	3428	336	288	171	6	9
양재철	46	1955/02/26	61	1986/07/30	6701	534	580	153	11	10
양희진	11	1976/02/01	40	2012/11/01	630	46	42	187	15	8
우창구	05	1963/04/28	53	2008/07/01	2053	213	170	284	31	30
유재길	23	1961/07/16	55	2000/04/07	4554	370	396	257	15	13
이관호	42	1966/08/21	50	2013/11/01	538	66	40	207	34	17
이신영	14	1980/04/12	36	2011/07/01	1251	189	110	291	32	25
이희영	13	1960/08/16	56	1986/12/04	7392	598	655	195	19	20
임봉춘	21	1959/04/14	57	2002/08/22	3623	273	296	319	20	35
정지은	30	1954/07/19	62	1982/09/24	8216	732	833	195	17	9
정호익	10	1965/03/08	51	2006/03/04	3208	295	336	316	32	24
지용철	49	1959/06/27	57	1986/11/20	10497	801	928	333	15	26
지용훈	09	1955/10/25	60	1987/06/26	8857	767	822	289	24	31
최봉주	16	1962/11/19	53	2007/03/08	1705	143	139	203	21	12
최상식	28	1960/02/25	56	1993/07/13	5248	388	429	179	9	10
최영주	03	1966/09/03	50	1997/11/19	4063	302	314	177	10	12
최용구	08	1965/10/08	51	2012/07/01	668	104	72	193	25	16
하재흥	35	1955/03/06	61	1983/06/05	9963	901	964	315	34	27
허재영	39	1977/08/15	39	2012/07/01	802	44	57	216	12	19
홍대유	06	1963/01/15	53	2006/07/01	2419	220	182	231	24	7
황영원	47	1967/09/06	49	2010/07/01	1094	68	76	210	8	12