곽영효	19	1961/09/24	55	1997/05/28	3918	439	397	139	13	12
구자흥	07	1963/08/07	53	2010/04/05	1126	109	131	185	18	27
김대근	48	1957/08/19	59	1986/07/30	7372	697	759	266	36	34
김동균	52	1975/08/24	41	2012/07/01	1179	98	95	336	24	22
김동철	53	1974/11/28	42	2016/03/16	147	5	13	147	5	13
김순근	45	1957/05/05	59	2002/06/01	3949	273	334	235	16	25
김양선	36	1955/03/01	61	1983/06/05	8852	899	901	217	21	24
김윤섭	32	1968/09/20	48	1998/07/02	4310	280	368	164	6	16
김점오	17	1959/05/20	57	1987/07/10	7741	723	729	235	29	22
김학수	44	1960/08/02	56	2004/04/07	2245	233	201	132	15	14
박대흥	18	1958/08/07	58	1997/05/28	5449	736	594	290	48	26
박병일	27	1964/04/26	52	2011/07/15	707	46	59	161	9	21
박윤규	04	1966/09/26	50	2004/07/01	2927	239	255	254	24	33
박재우	50	1970/01/02	47	2011/01/26	1359	175	143	270	37	36
박종곤	01	1962/08/26	54	1997/09/04	3504	307	312	181	34	18
박천서	54	1963/06/08	53	2003/03/05	3416	350	332	211	21	20
박흥진	38	1956/03/20	60	1984/01/01	8093	695	706	155	4	8
박희철	15	1961/06/26	55	2002/07/01	3979	342	363	270	17	20
배대선	20	1960/04/02	56	1995/06/26	6261	748	701	369	29	32
배휴준	29	1966/09/25	50	2005/07/01	3284	243	279	299	22	27
브라이	55	1958/04/13	58	2016/03/16	105	19	16	105	19	16
서범석	12	1964/07/26	52	1999/07/01	3871	352	356	186	14	14
서인석	33	1968/11/20	48	2010/12/09	2248	203	226	437	39	50
서정하	43	1958/12/22	58	2004/09/01	2237	144	182	175	7	11
서홍수	24	1964/01/04	53	2008/09/24	1344	103	110	169	9	9
손영표	02	1966/11/14	50	2006/07/27	2218	200	188	186	13	10
송문길	40	1971/03/22	45	2013/07/01	757	100	86	278	46	37
신삼영	41	1963/11/06	53	2010/07/01	1228	127	111	207	23	22
심승태	37	1978/02/14	39	2012/05/04	1066	94	112	295	29	25
안병기	22	1966/01/20	51	2008/07/01	2349	224	216	269	24	25
안해양	26	1961/07/24	55	1999/08/26	3482	340	291	150	6	10
양재철	46	1955/02/26	61	1986/07/30	6746	538	584	135	11	11
양희진	11	1976/02/01	41	2012/11/01	678	50	44	159	13	6
우창구	05	1963/04/28	53	2008/07/01	2141	222	181	270	32	29
유재길	23	1961/07/16	55	2000/04/07	4645	378	400	251	17	14
이관호	42	1966/08/21	50	2013/11/01	628	79	48	224	35	20
이신영	14	1980/04/12	36	2011/07/01	1364	204	115	300	38	21
이희영	13	1960/08/16	56	1986/12/04	7461	602	661	203	16	20
임봉춘	21	1959/04/14	57	2002/08/22	3739	283	307	330	25	40
정지은	30	1954/07/19	62	1982/09/24	8277	737	842	179	14	15
정호익	10	1965/03/08	51	2006/03/04	3326	310	350	314	38	32
지용철	49	1959/06/27	57	1986/11/20	10622	820	936	335	29	23
지용훈	09	1955/10/25	61	1987/06/26	8955	770	827	277	15	27
최봉주	16	1962/11/19	54	2007/03/08	1782	148	149	203	20	18
최상식	28	1960/02/25	56	1993/07/13	5312	395	435	170	14	14
최영주	03	1966/09/03	50	1997/11/19	4124	307	323	164	10	17
최용구	08	1965/10/08	51	2012/07/01	734	108	79	183	15	16
하재흥	35	1955/03/06	61	1983/06/05	10100	909	971	339	34	26
허재영	39	1977/08/15	39	2012/07/01	850	45	58	174	8	11
홍대유	06	1963/01/15	54	2006/07/01	2512	226	193	244	22	16
황영원	47	1967/09/06	49	2010/07/01	1146	71	79	191	9	12