강명준	25	1964/11/10	51	2003/06/18	2077	151	143	148	3	6
곽영효	19	1961/09/24	54	1997/05/28	3779	426	385	135	10	15
구자흥	07	1963/08/07	52	2010/04/05	941	91	104	197	23	23
김대근	48	1957/08/19	58	1986/07/30	7106	661	725	239	26	28
김동균	52	1975/08/24	40	2012/07/01	843	74	73	287	21	22
김순근	45	1957/05/05	58	2002/06/01	3714	257	309	338	28	22
김양선	36	1955/03/01	60	1983/06/05	8635	878	877	248	21	22
김윤섭	32	1968/09/20	47	1998/07/02	4146	274	352	216	12	16
김점오	17	1959/05/20	56	1987/07/10	7506	694	707	256	21	31
김학수	44	1960/08/02	55	2004/04/07	2113	218	187	233	8	20
김호	51	1968/03/23	47	2006/12/14	2802	319	293	417	49	50
김효섭	31	1965/11/04	50	2009/07/01	1438	162	156	307	39	41
박대흥	18	1958/08/07	57	1997/05/28	5159	688	568	288	35	37
박병일	27	1964/04/26	51	2011/07/15	546	37	38	131	6	5
박윤규	04	1966/09/26	49	2004/07/01	2673	215	222	265	15	17
박재우	50	1970/01/02	46	2011/01/26	1089	138	107	278	40	28
박종곤	01	1962/08/26	53	1997/09/04	3323	273	294	183	23	18
박천서	54	1963/06/08	52	2003/03/05	3205	329	312	259	26	28
박흥진	38	1956/03/20	59	1984/01/01	7938	691	698	152	8	8
박희철	15	1961/06/26	54	2002/07/01	3709	325	343	280	22	18
배대선	20	1960/04/02	55	1995/06/26	5892	719	669	355	46	32
배휴준	29	1966/09/25	49	2005/07/01	2985	221	252	274	26	19
서범석	12	1964/07/26	51	1999/07/01	3685	338	342	174	10	22
서인석	33	1968/11/20	47	2010/12/09	1811	164	176	470	44	40
서정하	43	1958/12/22	57	2004/09/01	2062	137	171	177	11	14
서홍수	24	1964/01/04	52	2008/09/24	1175	94	101	150	14	14
손영표	02	1966/11/14	49	2006/07/27	2032	187	178	234	19	14
송문길	40	1971/03/22	44	2013/07/01	479	54	49	233	31	23
신삼영	41	1963/11/06	52	2010/07/01	1021	104	89	206	16	23
신우철	34	1952/08/12	63	1983/06/05	8661	1147	988	163	11	16
심승태	37	1978/02/14	38	2012/05/04	771	65	87	281	24	40
안병기	22	1966/01/20	50	2008/07/01	2080	200	191	71	4	7
안해양	26	1961/07/24	54	1999/08/26	3332	334	281	224	13	11
양재철	46	1955/02/26	60	1986/07/30	6611	527	573	176	10	10
양희진	11	1976/02/01	40	2012/11/01	519	37	38	215	13	19
우창구	05	1963/04/28	52	2008/07/01	1871	190	152	289	22	30
유재길	23	1961/07/16	54	2000/04/07	4394	361	386	278	14	14
이관호	42	1966/08/21	49	2013/11/01	404	44	28	189	23	12
이신영	14	1980/04/12	35	2011/07/01	1064	166	94	280	45	27
이희영	13	1960/08/16	55	1986/12/04	7258	586	641	191	25	25
임봉춘	21	1959/04/14	56	2002/08/22	3409	258	267	330	17	17
정지은	30	1954/07/19	61	1982/09/24	8098	723	827	201	17	16
정호익	10	1965/03/08	50	2006/03/04	3012	272	318	364	39	42
지용철	49	1959/06/27	56	1986/11/20	10287	791	913	353	10	21
지용훈	09	1955/10/25	60	1987/06/26	8678	755	800	317	40	32
최봉주	16	1962/11/19	53	2007/03/08	1579	128	131	217	11	10
최상식	28	1960/02/25	56	1993/07/13	5142	381	421	205	4	12
최영주	03	1966/09/03	49	1997/11/19	3960	297	306	178	9	7
최용구	08	1965/10/08	50	2012/07/01	551	93	63	210	38	20
하재흥	35	1955/03/06	60	1983/06/05	9761	875	945	289	21	20
허재영	39	1977/08/15	38	2012/07/01	676	37	47	261	17	23
홍대유	06	1963/01/15	53	2006/07/01	2268	204	177	219	15	10
황영원	47	1967/09/06	48	2010/07/01	955	62	67	201	9	10