강명준	25	1964/11/10	51	2003/06/18	2093	151	145	144	3	8
곽영효	19	1961/09/24	54	1997/05/28	3792	426	385	129	9	14
구자흥	07	1963/08/07	52	2010/04/05	967	93	108	200	23	22
김대근	48	1957/08/19	58	1986/07/30	7134	662	727	239	23	27
김동균	52	1975/08/24	40	2012/07/01	878	75	74	289	18	22
김동철	53	1974/11/28	41	2016/03/16	0	0	0	0	0	0
김순근	45	1957/05/05	58	2002/06/01	3738	258	312	324	28	21
김양선	36	1955/03/01	61	1983/06/05	8663	882	879	250	24	21
김윤섭	32	1968/09/20	47	1998/07/02	4164	274	356	215	11	17
김점오	17	1959/05/20	56	1987/07/10	7528	698	712	248	21	34
김학수	44	1960/08/02	55	2004/04/07	2134	219	188	233	9	20
김호	51	1968/03/23	48	2006/12/14	2841	322	298	410	47	50
김효섭	31	1965/11/04	50	2009/07/01	1475	168	160	307	38	40
박대흥	18	1958/08/07	57	1997/05/28	5191	695	569	294	39	36
박병일	27	1964/04/26	51	2011/07/15	559	37	40	129	5	7
박윤규	04	1966/09/26	49	2004/07/01	2694	217	225	260	16	20
박재우	50	1970/01/02	46	2011/01/26	1114	141	111	279	41	29
박종곤	01	1962/08/26	53	1997/09/04	3344	277	297	189	25	21
박천서	54	1963/06/08	52	2003/03/05	3229	333	317	256	28	30
박흥진	38	1956/03/20	60	1984/01/01	7955	691	698	152	6	7
박희철	15	1961/06/26	54	2002/07/01	3738	327	345	284	24	19
배대선	20	1960/04/02	55	1995/06/26	5919	721	670	339	43	27
배휴준	29	1966/09/25	49	2005/07/01	3017	223	253	285	27	19
브라이	55	1958/04/13	57	2016/03/16	0	0	0	0	0	0
서범석	12	1964/07/26	51	1999/07/01	3703	340	343	168	11	18
서인석	33	1968/11/20	47	2010/12/09	1855	173	178	462	49	38
서정하	43	1958/12/22	57	2004/09/01	2074	138	172	168	11	13
서홍수	24	1964/01/04	52	2008/09/24	1199	95	102	163	15	14
손영표	02	1966/11/14	49	2006/07/27	2057	187	180	233	19	15
송문길	40	1971/03/22	45	2013/07/01	506	59	55	237	30	29
신삼영	41	1963/11/06	52	2010/07/01	1045	106	92	208	17	26
신우철	34	1952/08/12	63	1983/06/05	8676	1148	988	158	12	13
심승태	37	1978/02/14	38	2012/05/04	798	67	88	276	24	36
안병기	22	1966/01/20	50	2008/07/01	2080	200	191	30	0	4
안해양	26	1961/07/24	54	1999/08/26	3348	335	283	220	13	11
양재철	46	1955/02/26	61	1986/07/30	6626	528	573	174	9	9
양희진	11	1976/02/01	40	2012/11/01	543	42	40	213	15	19
우창구	05	1963/04/28	52	2008/07/01	1900	194	153	290	25	29
유재길	23	1961/07/16	54	2000/04/07	4422	361	387	279	12	12
이관호	42	1966/08/21	49	2013/11/01	425	46	29	194	22	13
이신영	14	1980/04/12	35	2011/07/01	1095	172	96	288	46	28
이희영	13	1960/08/16	55	1986/12/04	7281	586	642	197	23	22
임봉춘	21	1959/04/14	56	2002/08/22	3437	258	268	319	13	17
정지은	30	1954/07/19	61	1982/09/24	8117	724	827	198	15	13
정호익	10	1965/03/08	51	2006/03/04	3043	275	321	358	38	36
지용철	49	1959/06/27	56	1986/11/20	10325	793	919	346	12	25
지용훈	09	1955/10/25	60	1987/06/26	8708	757	805	310	39	34
최봉주	16	1962/11/19	53	2007/03/08	1606	128	132	222	10	9
최상식	28	1960/02/25	56	1993/07/13	5164	383	423	205	6	13
최영주	03	1966/09/03	49	1997/11/19	3976	298	307	175	10	7
최용구	08	1965/10/08	50	2012/07/01	570	94	64	207	35	20
하재흥	35	1955/03/06	61	1983/06/05	9794	879	950	288	21	23
허재영	39	1977/08/15	38	2012/07/01	700	39	48	264	17	24
홍대유	06	1963/01/15	53	2006/07/01	2298	206	178	224	16	11
황영원	47	1967/09/06	48	2010/07/01	982	62	69	200	8	12