강명준	25	1964/11/10	51	2003/06/18	2067	151	143	147	4	6
곽영효	19	1961/09/24	54	1997/05/28	3771	426	385	140	12	17
구자흥	07	1963/08/07	52	2010/04/05	930	90	103	196	24	22
김대근	48	1957/08/19	58	1986/07/30	7087	660	723	234	26	28
김동균	52	1975/08/24	40	2012/07/01	820	74	70	283	23	20
김순근	45	1957/05/05	58	2002/06/01	3698	255	307	345	28	21
김양선	36	1955/03/01	60	1983/06/05	8615	878	875	241	21	21
김윤섭	32	1968/09/20	47	1998/07/02	4135	271	351	217	10	15
김점오	17	1959/05/20	56	1987/07/10	7484	691	704	248	21	28
김학수	44	1960/08/02	55	2004/04/07	2099	217	187	232	7	21
김호	51	1968/03/23	47	2006/12/14	2780	315	290	420	45	51
김효섭	31	1965/11/04	50	2009/07/01	1419	159	156	307	38	45
박대흥	18	1958/08/07	57	1997/05/28	5139	686	567	281	36	36
박병일	27	1964/04/26	51	2011/07/15	536	37	38	128	6	5
박윤규	04	1966/09/26	49	2004/07/01	2650	214	219	260	16	14
박재우	50	1970/01/02	46	2011/01/26	1071	136	102	277	40	24
박종곤	01	1962/08/26	53	1997/09/04	3313	272	292	180	25	17
박천서	54	1963/06/08	52	2003/03/05	3191	328	311	257	25	28
박흥진	38	1956/03/20	59	1984/01/01	7925	691	698	147	8	8
박희철	15	1961/06/26	54	2002/07/01	3691	323	342	280	21	20
배대선	20	1960/04/02	55	1995/06/26	5870	717	668	356	46	35
배휴준	29	1966/09/25	49	2005/07/01	2964	220	251	263	25	19
서범석	12	1964/07/26	51	1999/07/01	3673	338	341	180	13	22
서인석	33	1968/11/20	47	2010/12/09	1774	161	173	465	43	39
서정하	43	1958/12/22	57	2004/09/01	2054	137	171	183	11	14
서홍수	24	1964/01/04	52	2008/09/24	1164	92	101	149	13	15
손영표	02	1966/11/14	49	2006/07/27	2013	187	176	228	20	13
송문길	40	1971/03/22	44	2013/07/01	462	52	46	229	31	21
신삼영	41	1963/11/06	52	2010/07/01	1005	103	88	206	17	23
신우철	34	1952/08/12	63	1983/06/05	8651	1147	988	167	14	17
심승태	37	1978/02/14	37	2012/05/04	756	64	85	284	24	40
안병기	22	1966/01/20	50	2008/07/01	2080	200	191	91	4	12
안해양	26	1961/07/24	54	1999/08/26	3318	331	280	219	11	11
양재철	46	1955/02/26	60	1986/07/30	6601	526	573	176	9	11
양희진	11	1976/02/01	39	2012/11/01	504	35	36	212	13	17
우창구	05	1963/04/28	52	2008/07/01	1849	189	150	282	23	29
유재길	23	1961/07/16	54	2000/04/07	4377	359	385	277	14	14
이관호	42	1966/08/21	49	2013/11/01	388	43	26	182	23	10
이신영	14	1980/04/12	35	2011/07/01	1049	166	92	280	47	28
이희영	13	1960/08/16	55	1986/12/04	7243	585	641	187	25	26
임봉춘	21	1959/04/14	56	2002/08/22	3392	257	265	335	16	18
정지은	30	1954/07/19	61	1982/09/24	8081	721	827	193	16	17
정호익	10	1965/03/08	50	2006/03/04	2990	269	317	363	38	43
지용철	49	1959/06/27	56	1986/11/20	10260	790	910	353	10	20
지용훈	09	1955/10/25	60	1987/06/26	8652	754	797	309	39	29
최봉주	16	1962/11/19	53	2007/03/08	1563	128	130	209	12	9
최상식	28	1960/02/25	55	1993/07/13	5129	380	421	205	3	13
최영주	03	1966/09/03	49	1997/11/19	3944	295	305	176	7	6
최용구	08	1965/10/08	50	2012/07/01	533	90	62	206	38	21
하재흥	35	1955/03/06	60	1983/06/05	9742	875	943	286	22	21
허재영	39	1977/08/15	38	2012/07/01	661	35	47	260	15	23
홍대유	06	1963/01/15	53	2006/07/01	2255	202	177	220	13	10
황영원	47	1967/09/06	48	2010/07/01	934	61	66	187	8	9