곽영효	19	1961/09/24	55	1997/05/28	3903	439	397	140	14	13
구자흥	07	1963/08/07	53	2010/04/05	1096	109	124	180	23	22
김대근	48	1957/08/19	59	1986/07/30	7338	695	752	267	41	29
김동균	52	1975/08/24	41	2012/07/01	1136	93	95	336	19	27
김동철	53	1974/11/28	42	2016/03/16	119	3	11	119	3	11
김순근	45	1957/05/05	59	2002/06/01	3922	272	333	245	17	26
김양선	36	1955/03/01	61	1983/06/05	8825	897	897	225	21	23
김윤섭	32	1968/09/20	48	1998/07/02	4286	278	365	161	8	16
김점오	17	1959/05/20	57	1987/07/10	7707	722	728	238	32	25
김학수	44	1960/08/02	56	2004/04/07	2234	230	201	147	13	15
박대흥	18	1958/08/07	58	1997/05/28	5411	730	586	291	45	23
박병일	27	1964/04/26	52	2011/07/15	686	45	58	158	9	21
박윤규	04	1966/09/26	50	2004/07/01	2890	235	248	251	21	29
박재우	50	1970/01/02	46	2011/01/26	1317	171	140	259	36	39
박종곤	01	1962/08/26	54	1997/09/04	3478	303	311	176	33	20
박천서	54	1963/06/08	53	2003/03/05	3389	347	330	208	19	20
박흥진	38	1956/03/20	60	1984/01/01	8069	695	705	154	4	8
박희철	15	1961/06/26	55	2002/07/01	3946	339	362	280	17	22
배대선	20	1960/04/02	56	1995/06/26	6214	745	699	359	30	35
배휴준	29	1966/09/25	50	2005/07/01	3249	240	277	301	22	28
브라이	55	1958/04/13	58	2016/03/16	88	15	13	88	15	13
서범석	12	1964/07/26	52	1999/07/01	3846	349	354	184	13	14
서인석	33	1968/11/20	48	2010/12/09	2180	195	217	435	37	47
서정하	43	1958/12/22	58	2004/09/01	2209	144	180	162	8	9
서홍수	24	1964/01/04	52	2008/09/24	1326	103	108	173	13	7
손영표	02	1966/11/14	50	2006/07/27	2202	199	187	204	13	12
송문길	40	1971/03/22	45	2013/07/01	708	90	83	262	39	40
신삼영	41	1963/11/06	53	2010/07/01	1202	125	110	208	23	25
심승태	37	1978/02/14	38	2012/05/04	1027	89	109	291	26	25
안병기	22	1966/01/20	50	2008/07/01	2298	219	212	218	19	21
안해양	26	1961/07/24	55	1999/08/26	3458	338	290	153	7	11
양재철	46	1955/02/26	61	1986/07/30	6727	538	582	140	12	10
양희진	11	1976/02/01	40	2012/11/01	657	49	42	166	16	6
우창구	05	1963/04/28	53	2008/07/01	2105	219	178	275	31	30
유재길	23	1961/07/16	55	2000/04/07	4608	373	397	252	15	12
이관호	42	1966/08/21	50	2013/11/01	591	77	44	214	36	18
이신영	14	1980/04/12	36	2011/07/01	1322	196	112	296	32	23
이희영	13	1960/08/16	56	1986/12/04	7435	600	658	199	17	18
임봉춘	21	1959/04/14	57	2002/08/22	3686	280	304	317	24	41
정지은	30	1954/07/19	62	1982/09/24	8256	734	840	187	13	13
정호익	10	1965/03/08	51	2006/03/04	3278	305	343	309	37	27
지용철	49	1959/06/27	57	1986/11/20	10575	810	932	338	23	24
지용훈	09	1955/10/25	61	1987/06/26	8920	770	824	287	16	27
최봉주	16	1962/11/19	54	2007/03/08	1752	147	146	202	22	16
최상식	28	1960/02/25	56	1993/07/13	5289	394	432	175	15	12
최영주	03	1966/09/03	50	1997/11/19	4099	306	321	165	11	16
최용구	08	1965/10/08	51	2012/07/01	705	106	77	187	18	16
하재흥	35	1955/03/06	61	1983/06/05	10048	906	969	327	35	29
허재영	39	1977/08/15	39	2012/07/01	831	45	58	190	11	15
홍대유	06	1963/01/15	53	2006/07/01	2477	226	188	240	27	11
황영원	47	1967/09/06	49	2010/07/01	1133	69	78	212	8	13