강명준	25	1964/11/10	51	2003/06/18	2064	151	143	149	4	6
곽영효	19	1961/09/24	54	1997/05/28	3767	426	385	140	12	17
구자흥	07	1963/08/07	52	2010/04/05	925	89	102	194	24	22
김대근	48	1957/08/19	58	1986/07/30	7083	658	723	236	24	29
김동균	52	1975/08/24	40	2012/07/01	815	74	69	284	23	19
김순근	45	1957/05/05	58	2002/06/01	3693	255	307	347	28	21
김양선	36	1955/03/01	60	1983/06/05	8609	877	875	242	20	22
김윤섭	32	1968/09/20	47	1998/07/02	4131	270	351	216	10	16
김점오	17	1959/05/20	56	1987/07/10	7477	691	704	246	23	29
김학수	44	1960/08/02	55	2004/04/07	2096	217	187	231	7	21
김호	51	1968/03/23	47	2006/12/14	2769	314	290	421	46	52
김효섭	31	1965/11/04	50	2009/07/01	1411	158	155	303	37	45
박대흥	18	1958/08/07	57	1997/05/28	5130	686	564	278	36	35
박병일	27	1964/04/26	51	2011/07/15	533	37	38	131	6	6
박윤규	04	1966/09/26	49	2004/07/01	2648	214	219	264	16	14
박재우	50	1970/01/02	46	2011/01/26	1065	135	101	279	40	25
박종곤	01	1962/08/26	53	1997/09/04	3309	271	292	178	24	17
박천서	54	1963/06/08	52	2003/03/05	3187	328	310	260	26	27
박흥진	38	1956/03/20	59	1984/01/01	7921	691	697	149	8	7
박희철	15	1961/06/26	54	2002/07/01	3684	323	341	281	21	19
배대선	20	1960/04/02	55	1995/06/26	5864	717	666	358	49	34
배휴준	29	1966/09/25	49	2005/07/01	2955	218	250	260	23	18
서범석	12	1964/07/26	51	1999/07/01	3670	336	341	181	11	24
서인석	33	1968/11/20	47	2010/12/09	1764	161	172	466	43	40
서정하	43	1958/12/22	57	2004/09/01	2050	136	171	184	10	14
서홍수	24	1964/01/04	52	2008/09/24	1158	91	101	146	13	15
손영표	02	1966/11/14	49	2006/07/27	2009	187	176	231	21	13
송문길	40	1971/03/22	44	2013/07/01	459	52	46	231	31	21
신삼영	41	1963/11/06	52	2010/07/01	1002	103	87	206	17	22
신우철	34	1952/08/12	63	1983/06/05	8648	1147	988	168	14	17
심승태	37	1978/02/14	37	2012/05/04	752	64	84	284	24	39
안병기	22	1966/01/20	50	2008/07/01	2080	200	191	97	6	12
안해양	26	1961/07/24	54	1999/08/26	3312	331	280	216	12	11
양재철	46	1955/02/26	60	1986/07/30	6597	526	572	175	9	10
양희진	11	1976/02/01	39	2012/11/01	501	35	36	215	13	17
우창구	05	1963/04/28	52	2008/07/01	1841	189	149	281	24	28
유재길	23	1961/07/16	54	2000/04/07	4368	358	385	273	13	15
이관호	42	1966/08/21	49	2013/11/01	387	43	26	187	24	10
이신영	14	1980/04/12	35	2011/07/01	1042	165	91	279	47	27
이희영	13	1960/08/16	55	1986/12/04	7241	585	641	190	26	26
임봉춘	21	1959/04/14	56	2002/08/22	3380	257	264	328	16	17
정지은	30	1954/07/19	61	1982/09/24	8076	721	827	193	16	17
정호익	10	1965/03/08	50	2006/03/04	2983	269	317	362	38	45
지용철	49	1959/06/27	56	1986/11/20	10251	790	908	350	10	18
지용훈	09	1955/10/25	60	1987/06/26	8647	754	797	306	40	29
최봉주	16	1962/11/19	53	2007/03/08	1558	127	130	208	11	9
최상식	28	1960/02/25	55	1993/07/13	5125	379	421	207	3	14
최영주	03	1966/09/03	49	1997/11/19	3940	295	305	174	7	6
최용구	08	1965/10/08	50	2012/07/01	529	90	62	207	38	21
하재흥	35	1955/03/06	60	1983/06/05	9736	873	943	285	21	22
허재영	39	1977/08/15	38	2012/07/01	655	34	47	257	14	23
홍대유	06	1963/01/15	53	2006/07/01	2251	201	177	222	12	11
황영원	47	1967/09/06	48	2010/07/01	927	61	65	183	8	8