강명준	25	1964/11/10	51	2003/06/18	2104	153	146	140	5	9
곽영효	19	1961/09/24	54	1997/05/28	3810	430	387	128	13	15
구자흥	07	1963/08/07	52	2010/04/05	989	96	112	190	22	22
김대근	48	1957/08/19	58	1986/07/30	7168	668	731	240	27	28
김동균	52	1975/08/24	40	2012/07/01	926	79	78	304	18	24
김동철	53	1974/11/28	41	2016/03/16	17	0	2	17	0	2
김순근	45	1957/05/05	59	2002/06/01	3770	261	315	303	27	23
김양선	36	1955/03/01	61	1983/06/05	8692	885	882	241	25	21
김윤섭	32	1968/09/20	47	1998/07/02	4186	274	361	204	10	20
김점오	17	1959/05/20	56	1987/07/10	7554	704	715	242	26	32
김학수	44	1960/08/02	55	2004/04/07	2150	222	191	220	11	22
김호	51	1968/03/23	48	2006/12/14	2861	322	301	368	37	49
김효섭	31	1965/11/04	50	2009/07/01	1491	170	162	275	32	33
박대흥	18	1958/08/07	57	1997/05/28	5225	699	571	288	38	30
박병일	27	1964/04/26	52	2011/07/15	586	39	43	141	7	10
박윤규	04	1966/09/26	49	2004/07/01	2728	218	228	258	14	22
박재우	50	1970/01/02	46	2011/01/26	1141	146	116	265	41	28
박종곤	01	1962/08/26	53	1997/09/04	3363	279	300	189	24	22
박천서	54	1963/06/08	52	2003/03/05	3257	334	317	249	26	27
박흥진	38	1956/03/20	60	1984/01/01	7975	693	699	151	6	5
박희철	15	1961/06/26	54	2002/07/01	3770	329	350	278	24	21
배대선	20	1960/04/02	56	1995/06/26	5969	725	675	338	35	30
배휴준	29	1966/09/25	49	2005/07/01	3065	227	256	300	29	20
브라이	55	1958/04/13	58	2016/03/16	3	1	0	3	1	0
서범석	12	1964/07/26	51	1999/07/01	3728	344	345	165	13	18
서인석	33	1968/11/20	47	2010/12/09	1920	176	186	469	41	38
서정하	43	1958/12/22	57	2004/09/01	2094	139	174	160	9	14
서홍수	24	1964/01/04	52	2008/09/24	1219	97	105	164	14	14
손영표	02	1966/11/14	49	2006/07/27	2087	189	181	226	18	15
송문길	40	1971/03/22	45	2013/07/01	542	66	63	245	33	35
신삼영	41	1963/11/06	52	2010/07/01	1073	108	95	212	19	26
신우철	34	1952/08/12	63	1983/06/05	8697	1148	988	149	9	8
심승태	37	1978/02/14	38	2012/05/04	828	75	94	270	29	39
안병기	22	1966/01/20	50	2008/07/01	2092	202	192	12	2	1
안해양	26	1961/07/24	54	1999/08/26	3363	335	285	200	9	12
양재철	46	1955/02/26	61	1986/07/30	6645	532	573	162	12	8
양희진	11	1976/02/01	40	2012/11/01	570	45	41	217	18	15
우창구	05	1963/04/28	53	2008/07/01	1938	200	156	286	29	27
유재길	23	1961/07/16	54	2000/04/07	4454	364	390	275	14	12
이관호	42	1966/08/21	49	2013/11/01	450	51	32	197	26	14
이신영	14	1980/04/12	36	2011/07/01	1133	176	100	286	45	27
이희영	13	1960/08/16	55	1986/12/04	7308	587	648	200	22	24
임봉춘	21	1959/04/14	57	2002/08/22	3482	263	272	313	16	18
정지은	30	1954/07/19	61	1982/09/24	8141	724	827	200	14	11
정호익	10	1965/03/08	51	2006/03/04	3084	278	325	346	34	32
지용철	49	1959/06/27	56	1986/11/20	10367	794	921	337	13	25
지용훈	09	1955/10/25	60	1987/06/26	8752	761	812	311	36	37
최봉주	16	1962/11/19	53	2007/03/08	1633	128	133	221	10	10
최상식	28	1960/02/25	56	1993/07/13	5189	384	426	199	6	15
최영주	03	1966/09/03	49	1997/11/19	3999	301	307	181	11	6
최용구	08	1965/10/08	50	2012/07/01	591	96	66	205	34	20
하재흥	35	1955/03/06	61	1983/06/05	9834	884	952	290	24	21
허재영	39	1977/08/15	38	2012/07/01	731	42	48	258	17	21
홍대유	06	1963/01/15	53	2006/07/01	2326	207	178	224	16	10
황영원	47	1967/09/06	48	2010/07/01	1006	65	71	200	8	13