강명준	25	1964/11/10	51	2003/06/18	2111	153	147	140	5	10
곽영효	19	1961/09/24	54	1997/05/28	3819	431	389	131	14	17
구자흥	07	1963/08/07	52	2010/04/05	999	97	114	186	22	22
김대근	48	1957/08/19	58	1986/07/30	7181	669	733	241	28	29
김동균	52	1975/08/24	40	2012/07/01	947	81	80	310	18	26
김동철	53	1974/11/28	41	2016/03/16	33	0	5	33	0	5
김순근	45	1957/05/05	59	2002/06/01	3786	261	317	295	25	23
김양선	36	1955/03/01	61	1983/06/05	8704	885	882	241	24	21
김윤섭	32	1968/09/20	47	1998/07/02	4194	275	362	202	11	21
김점오	17	1959/05/20	57	1987/07/10	7566	706	715	241	27	31
김학수	44	1960/08/02	55	2004/04/07	2158	224	191	212	13	21
김호	51	1968/03/23	48	2006/12/14	2861	322	301	342	33	43
김효섭	31	1965/11/04	50	2009/07/01	1491	170	162	259	27	31
박대흥	18	1958/08/07	57	1997/05/28	5242	702	571	287	39	27
박병일	27	1964/04/26	52	2011/07/15	600	40	43	149	8	10
박윤규	04	1966/09/26	49	2004/07/01	2738	220	230	253	16	24
박재우	50	1970/01/02	46	2011/01/26	1154	150	118	260	43	29
박종곤	01	1962/08/26	53	1997/09/04	3372	281	302	189	25	23
박천서	54	1963/06/08	53	2003/03/05	3269	337	318	249	27	28
박흥진	38	1956/03/20	60	1984/01/01	7984	693	700	150	6	6
박희철	15	1961/06/26	54	2002/07/01	3785	330	352	275	23	21
배대선	20	1960/04/02	56	1995/06/26	5992	726	676	342	35	30
배휴준	29	1966/09/25	49	2005/07/01	3085	229	259	303	30	23
브라이	55	1958/04/13	58	2016/03/16	10	3	1	10	3	1
서범석	12	1964/07/26	51	1999/07/01	3739	344	346	165	13	17
서인석	33	1968/11/20	47	2010/12/09	1950	178	190	470	43	40
서정하	43	1958/12/22	57	2004/09/01	2106	140	175	161	8	13
서홍수	24	1964/01/04	52	2008/09/24	1227	98	105	165	14	13
손영표	02	1966/11/14	49	2006/07/27	2101	189	181	225	14	15
송문길	40	1971/03/22	45	2013/07/01	559	68	65	247	32	37
신삼영	41	1963/11/06	52	2010/07/01	1087	109	98	211	18	28
신우철	34	1952/08/12	63	1983/06/05	8705	1148	989	149	9	7
심승태	37	1978/02/14	38	2012/05/04	849	78	97	272	31	39
안병기	22	1966/01/20	50	2008/07/01	2105	204	192	25	4	1
안해양	26	1961/07/24	54	1999/08/26	3371	335	285	195	9	12
양재철	46	1955/02/26	61	1986/07/30	6653	532	574	158	12	8
양희진	11	1976/02/01	40	2012/11/01	584	46	41	219	18	14
우창구	05	1963/04/28	53	2008/07/01	1957	204	158	289	33	27
유재길	23	1961/07/16	54	2000/04/07	4469	364	393	269	13	15
이관호	42	1966/08/21	49	2013/11/01	462	53	32	198	28	14
이신영	14	1980/04/12	36	2011/07/01	1147	177	100	279	43	26
이희영	13	1960/08/16	55	1986/12/04	7320	589	651	198	20	27
임봉춘	21	1959/04/14	57	2002/08/22	3499	265	273	308	18	19
정지은	30	1954/07/19	61	1982/09/24	8151	724	827	199	12	10
정호익	10	1965/03/08	51	2006/03/04	3098	278	325	342	32	28
지용철	49	1959/06/27	56	1986/11/20	10389	795	925	340	13	25
지용훈	09	1955/10/25	60	1987/06/26	8770	762	815	309	33	37
최봉주	16	1962/11/19	53	2007/03/08	1640	128	134	211	10	10
최상식	28	1960/02/25	56	1993/07/13	5195	385	426	191	7	12
최영주	03	1966/09/03	49	1997/11/19	4008	301	309	177	11	8
최용구	08	1965/10/08	50	2012/07/01	600	99	66	196	34	16
하재흥	35	1955/03/06	61	1983/06/05	9854	886	953	293	23	22
허재영	39	1977/08/15	38	2012/07/01	742	42	48	252	17	19
홍대유	06	1963/01/15	53	2006/07/01	2339	208	178	223	16	8
황영원	47	1967/09/06	48	2010/07/01	1017	66	71	203	9	13