강명준	25	1964/11/10	51	2003/06/18	2113	153	147	141	5	10
곽영효	19	1961/09/24	54	1997/05/28	3821	431	390	130	14	18
구자흥	07	1963/08/07	52	2010/04/05	1003	98	114	186	23	22
김대근	48	1957/08/19	58	1986/07/30	7185	670	734	241	29	28
김동균	52	1975/08/24	40	2012/07/01	953	82	80	311	18	26
김동철	53	1974/11/28	41	2016/03/16	34	0	5	34	0	5
김순근	45	1957/05/05	59	2002/06/01	3788	261	317	288	23	23
김양선	36	1955/03/01	61	1983/06/05	8709	886	884	242	25	22
김윤섭	32	1968/09/20	47	1998/07/02	4199	275	362	202	11	21
김점오	17	1959/05/20	57	1987/07/10	7568	706	716	236	26	31
김학수	44	1960/08/02	55	2004/04/07	2160	225	191	211	13	21
김호	51	1968/03/23	48	2006/12/14	2861	322	301	332	31	42
김효섭	31	1965/11/04	50	2009/07/01	1491	170	162	250	25	30
박대흥	18	1958/08/07	57	1997/05/28	5246	702	572	288	39	28
박병일	27	1964/04/26	52	2011/07/15	603	40	45	150	8	11
박윤규	04	1966/09/26	49	2004/07/01	2746	220	231	259	16	24
박재우	50	1970/01/02	46	2011/01/26	1159	150	118	260	43	28
박종곤	01	1962/08/26	53	1997/09/04	3376	282	302	189	26	23
박천서	54	1963/06/08	53	2003/03/05	3271	337	318	247	26	27
박흥진	38	1956/03/20	60	1984/01/01	7986	693	700	148	6	5
박희철	15	1961/06/26	54	2002/07/01	3788	331	352	269	23	21
배대선	20	1960/04/02	56	1995/06/26	6001	728	677	343	36	31
배휴준	29	1966/09/25	49	2005/07/01	3094	230	260	308	31	24
브라이	55	1958/04/13	58	2016/03/16	11	3	1	11	3	1
서범석	12	1964/07/26	51	1999/07/01	3743	344	346	166	13	16
서인석	33	1968/11/20	47	2010/12/09	1957	180	190	469	45	39
서정하	43	1958/12/22	57	2004/09/01	2111	140	175	163	8	13
서홍수	24	1964/01/04	52	2008/09/24	1228	99	105	163	15	13
손영표	02	1966/11/14	49	2006/07/27	2106	189	181	225	13	15
송문길	40	1971/03/22	45	2013/07/01	564	70	67	248	34	39
신삼영	41	1963/11/06	52	2010/07/01	1090	109	99	211	18	29
신우철	34	1952/08/12	63	1983/06/05	8708	1149	989	147	8	7
심승태	37	1978/02/14	38	2012/05/04	851	78	97	269	30	37
안병기	22	1966/01/20	50	2008/07/01	2113	204	192	33	4	1
안해양	26	1961/07/24	54	1999/08/26	3375	335	286	193	9	12
양재철	46	1955/02/26	61	1986/07/30	6655	532	574	155	12	7
양희진	11	1976/02/01	40	2012/11/01	585	46	41	217	18	14
우창구	05	1963/04/28	53	2008/07/01	1964	205	160	293	34	28
유재길	23	1961/07/16	54	2000/04/07	4471	364	393	266	13	14
이관호	42	1966/08/21	49	2013/11/01	465	55	32	198	30	14
이신영	14	1980/04/12	36	2011/07/01	1152	178	101	279	41	27
이희영	13	1960/08/16	55	1986/12/04	7320	589	651	197	20	27
임봉춘	21	1959/04/14	57	2002/08/22	3506	265	274	305	18	20
정지은	30	1954/07/19	61	1982/09/24	8155	724	827	199	11	9
정호익	10	1965/03/08	51	2006/03/04	3103	279	325	337	33	27
지용철	49	1959/06/27	56	1986/11/20	10396	796	925	341	14	25
지용훈	09	1955/10/25	60	1987/06/26	8773	762	815	305	32	37
최봉주	16	1962/11/19	53	2007/03/08	1644	128	134	212	10	10
최상식	28	1960/02/25	56	1993/07/13	5199	385	426	193	7	12
최영주	03	1966/09/03	49	1997/11/19	4011	301	309	177	11	8
최용구	08	1965/10/08	50	2012/07/01	603	99	66	195	33	16
하재흥	35	1955/03/06	61	1983/06/05	9860	886	955	296	23	23
허재영	39	1977/08/15	38	2012/07/01	744	42	48	249	17	19
홍대유	06	1963/01/15	53	2006/07/01	2344	208	178	225	16	8
황영원	47	1967/09/06	48	2010/07/01	1023	66	72	205	9	14