강명준	25	1964/11/10	51	2003/06/18	2101	151	146	140	3	9
곽영효	19	1961/09/24	54	1997/05/28	3807	430	387	126	13	15
구자흥	07	1963/08/07	52	2010/04/05	986	96	111	192	23	22
김대근	48	1957/08/19	58	1986/07/30	7162	667	729	237	26	26
김동균	52	1975/08/24	40	2012/07/01	917	78	78	302	17	24
김동철	53	1974/11/28	41	2016/03/16	14	0	2	14	0	2
김순근	45	1957/05/05	59	2002/06/01	3767	261	315	307	28	23
김양선	36	1955/03/01	61	1983/06/05	8688	885	882	244	25	22
김윤섭	32	1968/09/20	47	1998/07/02	4184	274	360	208	10	19
김점오	17	1959/05/20	56	1987/07/10	7549	703	715	240	25	34
김학수	44	1960/08/02	55	2004/04/07	2149	222	190	223	11	21
김호	51	1968/03/23	48	2006/12/14	2861	322	301	376	41	49
김효섭	31	1965/11/04	50	2009/07/01	1491	170	162	284	34	35
박대흥	18	1958/08/07	57	1997/05/28	5219	699	571	288	38	32
박병일	27	1964/04/26	52	2011/07/15	581	39	42	138	7	9
박윤규	04	1966/09/26	49	2004/07/01	2726	218	228	261	16	22
박재우	50	1970/01/02	46	2011/01/26	1138	146	115	267	41	29
박종곤	01	1962/08/26	53	1997/09/04	3360	279	299	188	24	22
박천서	54	1963/06/08	52	2003/03/05	3254	334	317	250	27	27
박흥진	38	1956/03/20	60	1984/01/01	7974	693	699	152	6	5
박희철	15	1961/06/26	54	2002/07/01	3764	328	349	276	23	20
배대선	20	1960/04/02	56	1995/06/26	5962	725	673	338	36	28
배휴준	29	1966/09/25	49	2005/07/01	3056	227	255	295	29	19
브라이	55	1958/04/13	58	2016/03/16	1	0	0	1	0	0
서범석	12	1964/07/26	51	1999/07/01	3724	343	345	163	13	18
서인석	33	1968/11/20	47	2010/12/09	1908	176	184	465	42	37
서정하	43	1958/12/22	57	2004/09/01	2091	139	174	163	10	14
서홍수	24	1964/01/04	52	2008/09/24	1217	96	105	164	13	14
손영표	02	1966/11/14	49	2006/07/27	2085	189	181	230	18	16
송문길	40	1971/03/22	45	2013/07/01	537	65	63	244	32	36
신삼영	41	1963/11/06	52	2010/07/01	1070	108	95	211	19	26
신우철	34	1952/08/12	63	1983/06/05	8695	1148	988	154	9	9
심승태	37	1978/02/14	38	2012/05/04	821	73	92	267	27	37
안병기	22	1966/01/20	50	2008/07/01	2087	201	192	7	1	1
안해양	26	1961/07/24	54	1999/08/26	3360	335	285	203	9	13
양재철	46	1955/02/26	61	1986/07/30	6641	531	573	163	11	8
양희진	11	1976/02/01	40	2012/11/01	566	44	41	216	17	16
우창구	05	1963/04/28	53	2008/07/01	1932	199	156	286	28	29
유재길	23	1961/07/16	54	2000/04/07	4449	363	390	275	13	12
이관호	42	1966/08/21	49	2013/11/01	448	51	32	198	26	15
이신영	14	1980/04/12	36	2011/07/01	1127	175	100	287	44	27
이희영	13	1960/08/16	55	1986/12/04	7305	587	648	201	22	24
임봉춘	21	1959/04/14	57	2002/08/22	3480	263	271	313	17	17
정지은	30	1954/07/19	61	1982/09/24	8137	724	827	199	14	11
정호익	10	1965/03/08	51	2006/03/04	3077	278	323	344	34	30
지용철	49	1959/06/27	56	1986/11/20	10362	794	921	337	13	25
지용훈	09	1955/10/25	60	1987/06/26	8747	761	811	309	36	36
최봉주	16	1962/11/19	53	2007/03/08	1631	128	133	224	10	10
최상식	28	1960/02/25	56	1993/07/13	5184	383	425	197	5	14
최영주	03	1966/09/03	49	1997/11/19	3997	301	307	181	11	6
최용구	08	1965/10/08	50	2012/07/01	587	96	66	203	35	21
하재흥	35	1955/03/06	61	1983/06/05	9831	883	952	291	24	21
허재영	39	1977/08/15	38	2012/07/01	727	41	48	258	17	21
홍대유	06	1963/01/15	53	2006/07/01	2323	207	178	224	16	10
황영원	47	1967/09/06	48	2010/07/01	1005	65	71	204	10	13