곽영효	19	1961/09/24	55	1997/05/28	3933	440	398	144	14	13
구자흥	07	1963/08/07	53	2010/04/05	1146	112	135	186	20	28
김대근	48	1957/08/19	59	1986/07/30	7389	701	760	263	39	33
김동균	52	1975/08/24	41	2012/07/01	1207	100	97	338	25	23
김동철	53	1974/11/28	42	2016/03/16	166	5	15	166	5	15
김순근	45	1957/05/05	59	2002/06/01	3969	275	338	237	17	27
김양선	36	1955/03/01	62	1983/06/05	8866	901	902	211	20	23
김윤섭	32	1968/09/20	48	1998/07/02	4324	280	369	163	6	14
김점오	17	1959/05/20	57	1987/07/10	7762	724	729	238	28	18
김학수	44	1960/08/02	56	2004/04/07	2251	233	202	120	14	14
박대흥	18	1958/08/07	58	1997/05/28	5477	741	596	293	49	27
박병일	27	1964/04/26	52	2011/07/15	723	48	59	165	11	19
박윤규	04	1966/09/26	50	2004/07/01	2949	239	258	257	22	33
박재우	50	1970/01/02	47	2011/01/26	1388	178	147	277	37	36
박종곤	01	1962/08/26	54	1997/09/04	3526	309	313	186	32	17
박천서	54	1963/06/08	53	2003/03/05	3436	353	334	213	21	18
박흥진	38	1956/03/20	61	1984/01/01	8105	695	707	155	4	9
박희철	15	1961/06/26	55	2002/07/01	4007	345	364	277	20	20
배대선	20	1960/04/02	56	1995/06/26	6288	751	702	372	30	32
배휴준	29	1966/09/25	50	2005/07/01	3303	244	279	295	21	27
브라이	55	1958/04/13	58	2016/03/16	118	21	18	118	21	18
서범석	12	1964/07/26	52	1999/07/01	3883	354	357	181	14	14
서인석	33	1968/11/20	48	2010/12/09	2293	209	231	446	37	53
서정하	43	1958/12/22	58	2004/09/01	2249	144	184	178	6	12
서홍수	24	1964/01/04	53	2008/09/24	1359	103	111	164	8	9
손영표	02	1966/11/14	50	2006/07/27	2229	200	188	181	13	9
송문길	40	1971/03/22	46	2013/07/01	784	108	87	284	49	33
신삼영	41	1963/11/06	53	2010/07/01	1248	127	114	209	23	22
심승태	37	1978/02/14	39	2012/05/04	1092	96	114	299	29	26
안병기	22	1966/01/20	51	2008/07/01	2376	227	219	296	27	28
안해양	26	1961/07/24	55	1999/08/26	3496	340	292	152	5	9
양재철	46	1955/02/26	62	1986/07/30	6754	538	587	131	10	14
양희진	11	1976/02/01	41	2012/11/01	684	50	44	146	9	5
우창구	05	1963/04/28	53	2008/07/01	2163	225	185	270	33	32
유재길	23	1961/07/16	55	2000/04/07	4668	380	400	253	19	13
이관호	42	1966/08/21	50	2013/11/01	653	81	52	231	36	24
이신영	14	1980/04/12	36	2011/07/01	1384	207	116	295	36	20
이희영	13	1960/08/16	56	1986/12/04	7478	602	661	204	16	19
임봉춘	21	1959/04/14	57	2002/08/22	3768	287	312	337	29	45
정지은	30	1954/07/19	62	1982/09/24	8294	738	842	182	15	15
정호익	10	1965/03/08	52	2006/03/04	3351	313	354	316	40	35
지용철	49	1959/06/27	57	1986/11/20	10648	822	939	333	29	23
지용훈	09	1955/10/25	61	1987/06/26	8979	772	827	276	15	23
최봉주	16	1962/11/19	54	2007/03/08	1808	150	152	209	22	20
최상식	28	1960/02/25	57	1993/07/13	5327	397	435	169	14	12
최영주	03	1966/09/03	50	1997/11/19	4137	308	324	163	10	17
최용구	08	1965/10/08	51	2012/07/01	748	108	81	182	14	17
하재흥	35	1955/03/06	62	1983/06/05	10132	911	973	345	32	24
허재영	39	1977/08/15	39	2012/07/01	864	45	58	166	7	10
홍대유	06	1963/01/15	54	2006/07/01	2538	226	197	245	20	19
황영원	47	1967/09/06	49	2010/07/01	1146	71	79	168	9	10