강명준	25	1964/11/10	51	2003/06/18	2100	151	146	140	3	9
곽영효	19	1961/09/24	54	1997/05/28	3805	428	387	127	11	15
구자흥	07	1963/08/07	52	2010/04/05	983	95	110	195	22	22
김대근	48	1957/08/19	58	1986/07/30	7160	667	729	241	26	26
김동균	52	1975/08/24	40	2012/07/01	909	78	78	298	21	24
김동철	53	1974/11/28	41	2016/03/16	11	0	1	11	0	1
김순근	45	1957/05/05	59	2002/06/01	3763	260	315	310	28	23
김양선	36	1955/03/01	61	1983/06/05	8684	883	882	244	23	22
김윤섭	32	1968/09/20	47	1998/07/02	4179	274	360	208	10	19
김점오	17	1959/05/20	56	1987/07/10	7547	703	715	243	25	35
김학수	44	1960/08/02	55	2004/04/07	2145	222	189	225	11	21
김호	51	1968/03/23	48	2006/12/14	2861	322	301	387	41	49
김효섭	31	1965/11/04	50	2009/07/01	1491	170	162	287	35	35
박대흥	18	1958/08/07	57	1997/05/28	5215	699	571	289	39	33
박병일	27	1964/04/26	52	2011/07/15	578	38	41	136	6	8
박윤규	04	1966/09/26	49	2004/07/01	2719	218	226	258	16	20
박재우	50	1970/01/02	46	2011/01/26	1134	144	114	268	39	28
박종곤	01	1962/08/26	53	1997/09/04	3356	278	299	187	23	22
박천서	54	1963/06/08	52	2003/03/05	3249	333	317	251	27	27
박흥진	38	1956/03/20	60	1984/01/01	7970	693	699	150	6	6
박희철	15	1961/06/26	54	2002/07/01	3763	327	349	281	23	20
배대선	20	1960/04/02	56	1995/06/26	5955	725	671	335	39	26
배휴준	29	1966/09/25	49	2005/07/01	3051	227	255	294	29	20
브라이	55	1958/04/13	58	2016/03/16	0	0	0	0	0	0
서범석	12	1964/07/26	51	1999/07/01	3720	343	345	162	13	18
서인석	33	1968/11/20	47	2010/12/09	1902	176	184	468	43	37
서정하	43	1958/12/22	57	2004/09/01	2089	139	173	162	11	13
서홍수	24	1964/01/04	52	2008/09/24	1214	95	105	165	13	15
손영표	02	1966/11/14	49	2006/07/27	2081	189	180	232	19	15
송문길	40	1971/03/22	45	2013/07/01	531	65	61	241	33	34
신삼영	41	1963/11/06	52	2010/07/01	1066	108	94	211	19	26
신우철	34	1952/08/12	63	1983/06/05	8691	1148	988	154	9	10
심승태	37	1978/02/14	38	2012/05/04	815	72	92	266	26	38
안병기	22	1966/01/20	50	2008/07/01	2083	201	191	3	1	0
안해양	26	1961/07/24	54	1999/08/26	3358	335	285	208	10	13
양재철	46	1955/02/26	61	1986/07/30	6638	530	573	163	10	8
양희진	11	1976/02/01	40	2012/11/01	563	44	41	216	17	16
우창구	05	1963/04/28	53	2008/07/01	1927	199	155	288	29	30
유재길	23	1961/07/16	54	2000/04/07	4444	363	388	275	13	10
이관호	42	1966/08/21	49	2013/11/01	443	49	32	196	25	15
이신영	14	1980/04/12	36	2011/07/01	1122	175	100	285	44	28
이희영	13	1960/08/16	55	1986/12/04	7302	587	647	201	22	23
임봉춘	21	1959/04/14	57	2002/08/22	3471	261	270	314	15	18
정지은	30	1954/07/19	61	1982/09/24	8134	724	827	198	14	11
정호익	10	1965/03/08	51	2006/03/04	3070	277	323	342	33	30
지용철	49	1959/06/27	56	1986/11/20	10356	794	921	340	13	27
지용훈	09	1955/10/25	60	1987/06/26	8743	760	810	312	35	37
최봉주	16	1962/11/19	53	2007/03/08	1628	128	133	223	10	10
최상식	28	1960/02/25	56	1993/07/13	5182	383	425	199	5	14
최영주	03	1966/09/03	49	1997/11/19	3992	301	307	179	11	7
최용구	08	1965/10/08	50	2012/07/01	584	96	66	201	36	21
하재흥	35	1955/03/06	61	1983/06/05	9825	883	952	289	24	22
허재영	39	1977/08/15	38	2012/07/01	723	41	48	259	17	22
홍대유	06	1963/01/15	53	2006/07/01	2320	207	178	225	16	10
황영원	47	1967/09/06	48	2010/07/01	999	64	70	201	10	12