곽영효	19	1961/09/24	55	1997/05/28	3936	440	398	144	14	13
구자흥	07	1963/08/07	53	2010/04/05	1152	112	135	185	19	27
김대근	48	1957/08/19	59	1986/07/30	7395	703	760	261	41	33
김동균	52	1975/08/24	41	2012/07/01	1211	100	97	333	25	23
김동철	53	1974/11/28	42	2016/03/16	174	6	16	174	6	16
김순근	45	1957/05/05	59	2002/06/01	3973	275	338	235	17	26
김양선	36	1955/03/01	62	1983/06/05	8871	902	902	208	20	23
김윤섭	32	1968/09/20	48	1998/07/02	4327	280	369	163	6	13
김점오	17	1959/05/20	57	1987/07/10	7765	724	729	237	26	17
김학수	44	1960/08/02	56	2004/04/07	2252	233	202	118	14	14
박대흥	18	1958/08/07	58	1997/05/28	5485	744	597	294	49	28
박병일	27	1964/04/26	52	2011/07/15	729	48	60	170	11	20
박윤규	04	1966/09/26	50	2004/07/01	2955	239	258	261	22	33
박재우	50	1970/01/02	47	2011/01/26	1396	178	148	282	37	37
박종곤	01	1962/08/26	54	1997/09/04	3534	311	314	190	34	17
박천서	54	1963/06/08	53	2003/03/05	3441	355	335	212	22	18
박흥진	38	1956/03/20	61	1984/01/01	8109	695	707	154	4	9
박희철	15	1961/06/26	55	2002/07/01	4012	346	364	274	19	19
배대선	20	1960/04/02	56	1995/06/26	6295	751	704	376	30	34
배휴준	29	1966/09/25	50	2005/07/01	3308	244	279	291	21	26
브라이	55	1958/04/13	58	2016/03/16	119	21	18	119	21	18
서범석	12	1964/07/26	52	1999/07/01	3888	354	357	185	14	14
서인석	33	1968/11/20	48	2010/12/09	2301	209	232	446	36	54
서정하	43	1958/12/22	58	2004/09/01	2257	144	185	183	6	13
서홍수	24	1964/01/04	53	2008/09/24	1363	103	111	164	8	9
손영표	02	1966/11/14	50	2006/07/27	2231	200	188	174	13	8
송문길	40	1971/03/22	46	2013/07/01	791	110	87	285	51	32
신삼영	41	1963/11/06	53	2010/07/01	1253	127	114	208	21	22
심승태	37	1978/02/14	39	2012/05/04	1100	96	115	302	29	27
안병기	22	1966/01/20	51	2008/07/01	2385	227	219	305	27	28
안해양	26	1961/07/24	55	1999/08/26	3499	340	292	151	5	9
양재철	46	1955/02/26	62	1986/07/30	6758	538	588	132	10	15
양희진	11	1976/02/01	41	2012/11/01	684	50	44	141	8	4
우창구	05	1963/04/28	53	2008/07/01	2168	225	186	268	31	33
유재길	23	1961/07/16	55	2000/04/07	4674	380	401	252	19	14
이관호	42	1966/08/21	50	2013/11/01	659	82	53	234	36	24
이신영	14	1980/04/12	36	2011/07/01	1392	209	118	297	37	22
이희영	13	1960/08/16	56	1986/12/04	7484	603	661	203	17	19
임봉춘	21	1959/04/14	57	2002/08/22	3772	287	312	335	29	44
정지은	30	1954/07/19	62	1982/09/24	8296	739	842	179	15	15
정호익	10	1965/03/08	52	2006/03/04	3358	314	354	315	39	33
지용철	49	1959/06/27	57	1986/11/20	10656	823	939	331	30	20
지용훈	09	1955/10/25	61	1987/06/26	8984	772	827	276	15	22
최봉주	16	1962/11/19	54	2007/03/08	1813	150	153	207	22	21
최상식	28	1960/02/25	57	1993/07/13	5332	398	435	168	15	12
최영주	03	1966/09/03	50	1997/11/19	4140	308	324	164	10	17
최용구	08	1965/10/08	51	2012/07/01	753	108	82	183	14	18
하재흥	35	1955/03/06	62	1983/06/05	10141	911	975	347	32	25
허재영	39	1977/08/15	39	2012/07/01	866	45	58	166	6	10
홍대유	06	1963/01/15	54	2006/07/01	2544	226	198	246	20	20
황영원	47	1967/09/06	49	2010/07/01	1146	71	79	164	9	10