곽영효	19	1961/09/24	55	1997/05/28	3893	439	396	136	15	14
구자흥	07	1963/08/07	53	2010/04/05	1091	108	123	186	22	23
김대근	48	1957/08/19	59	1986/07/30	7324	694	750	270	41	29
김동균	52	1975/08/24	41	2012/07/01	1120	92	95	340	21	28
김동철	53	1974/11/28	42	2016/03/16	111	3	10	111	3	10
김순근	45	1957/05/05	59	2002/06/01	3907	271	331	248	19	24
김양선	36	1955/03/01	61	1983/06/05	8815	896	897	230	21	26
김윤섭	32	1968/09/20	48	1998/07/02	4280	278	365	168	8	18
김점오	17	1959/05/20	57	1987/07/10	7697	720	728	246	30	28
김학수	44	1960/08/02	56	2004/04/07	2227	230	201	153	14	16
박대흥	18	1958/08/07	58	1997/05/28	5394	728	584	287	46	22
박병일	27	1964/04/26	52	2011/07/15	677	44	58	156	9	23
박윤규	04	1966/09/26	50	2004/07/01	2877	232	247	251	18	31
박재우	50	1970/01/02	46	2011/01/26	1300	171	134	259	41	34
박종곤	01	1962/08/26	54	1997/09/04	3468	303	311	175	35	20
박천서	54	1963/06/08	53	2003/03/05	3374	346	328	209	21	19
박흥진	38	1956/03/20	60	1984/01/01	8059	694	705	152	3	8
박희철	15	1961/06/26	55	2002/07/01	3927	339	360	275	17	20
배대선	20	1960/04/02	56	1995/06/26	6196	744	697	355	30	33
배휴준	29	1966/09/25	50	2005/07/01	3232	239	277	303	23	30
브라이	55	1958/04/13	58	2016/03/16	82	14	13	82	14	13
서범석	12	1964/07/26	52	1999/07/01	3837	349	353	183	14	15
서인석	33	1968/11/20	48	2010/12/09	2160	194	215	444	38	49
서정하	43	1958/12/22	57	2004/09/01	2200	144	179	160	9	8
서홍수	24	1964/01/04	52	2008/09/24	1319	102	107	177	13	7
손영표	02	1966/11/14	50	2006/07/27	2194	199	187	211	14	12
송문길	40	1971/03/22	45	2013/07/01	694	88	81	262	38	40
신삼영	41	1963/11/06	53	2010/07/01	1191	121	110	207	19	27
심승태	37	1978/02/14	38	2012/05/04	1010	88	106	291	26	23
안병기	22	1966/01/20	50	2008/07/01	2279	216	210	199	16	19
안해양	26	1961/07/24	55	1999/08/26	3452	337	290	157	7	11
양재철	46	1955/02/26	61	1986/07/30	6722	536	581	142	11	9
양희진	11	1976/02/01	40	2012/11/01	649	49	42	171	16	6
우창구	05	1963/04/28	53	2008/07/01	2092	218	178	276	30	30
유재길	23	1961/07/16	55	2000/04/07	4599	373	397	257	16	13
이관호	42	1966/08/21	50	2013/11/01	581	74	44	215	33	20
이신영	14	1980/04/12	36	2011/07/01	1304	195	111	295	33	23
이희영	13	1960/08/16	56	1986/12/04	7425	599	657	201	17	18
임봉춘	21	1959/04/14	57	2002/08/22	3670	276	302	317	21	39
정지은	30	1954/07/19	62	1982/09/24	8250	734	839	194	14	14
정호익	10	1965/03/08	51	2006/03/04	3260	304	342	315	38	28
지용철	49	1959/06/27	57	1986/11/20	10557	809	932	337	23	25
지용훈	09	1955/10/25	61	1987/06/26	8905	770	823	285	18	26
최봉주	16	1962/11/19	54	2007/03/08	1740	147	144	203	22	14
최상식	28	1960/02/25	56	1993/07/13	5279	391	430	176	12	10
최영주	03	1966/09/03	50	1997/11/19	4090	304	320	170	10	15
최용구	08	1965/10/08	51	2012/07/01	696	106	76	185	20	15
하재흥	35	1955/03/06	61	1983/06/05	10032	906	968	328	35	28
허재영	39	1977/08/15	39	2012/07/01	824	45	57	194	12	14
홍대유	06	1963/01/15	53	2006/07/01	2459	223	187	235	24	10
황영원	47	1967/09/06	49	2010/07/01	1124	69	77	212	9	12