곽영효	19	1961/09/24	55	1997/05/28	3878	438	394	134	17	12
구자흥	07	1963/08/07	53	2010/04/05	1080	107	121	191	24	23
김대근	48	1957/08/19	59	1986/07/30	7303	691	749	272	42	34
김동균	52	1975/08/24	41	2012/07/01	1096	91	93	339	22	26
김동철	53	1974/11/28	41	2016/03/16	99	3	8	99	3	8
김순근	45	1957/05/05	59	2002/06/01	3889	269	331	258	19	27
김양선	36	1955/03/01	61	1983/06/05	8799	892	896	239	20	28
김윤섭	32	1968/09/20	48	1998/07/02	4264	277	364	172	7	19
김점오	17	1959/05/20	57	1987/07/10	7675	719	726	249	31	28
김학수	44	1960/08/02	56	2004/04/07	2220	230	201	163	14	17
박대흥	18	1958/08/07	58	1997/05/28	5368	722	583	283	41	21
박병일	27	1964/04/26	52	2011/07/15	666	43	57	156	9	22
박윤규	04	1966/09/26	50	2004/07/01	2854	228	246	252	16	33
박재우	50	1970/01/02	46	2011/01/26	1273	167	132	252	39	32
박종곤	01	1962/08/26	54	1997/09/04	3451	301	310	170	33	21
박천서	54	1963/06/08	53	2003/03/05	3356	345	326	215	23	19
박흥진	38	1956/03/20	60	1984/01/01	8046	693	705	157	2	8
박희철	15	1961/06/26	55	2002/07/01	3906	339	359	274	18	20
배대선	20	1960/04/02	56	1995/06/26	6159	739	694	349	30	34
배휴준	29	1966/09/25	50	2005/07/01	3216	239	274	308	25	28
브라이	55	1958/04/13	58	2016/03/16	69	13	11	69	13	11
서범석	12	1964/07/26	52	1999/07/01	3822	348	352	181	13	18
서인석	33	1968/11/20	47	2010/12/09	2123	192	207	451	41	44
서정하	43	1958/12/22	57	2004/09/01	2187	144	178	160	10	9
서홍수	24	1964/01/04	52	2008/09/24	1304	101	107	176	13	8
손영표	02	1966/11/14	50	2006/07/27	2181	198	187	222	15	12
송문길	40	1971/03/22	45	2013/07/01	668	86	76	260	41	41
신삼영	41	1963/11/06	53	2010/07/01	1175	120	109	211	19	30
심승태	37	1978/02/14	38	2012/05/04	980	84	103	284	25	24
안병기	22	1966/01/20	50	2008/07/01	2243	212	206	163	12	15
안해양	26	1961/07/24	55	1999/08/26	3438	336	288	164	6	9
양재철	46	1955/02/26	61	1986/07/30	6711	534	580	148	10	8
양희진	11	1976/02/01	40	2012/11/01	639	48	42	180	16	8
우창구	05	1963/04/28	53	2008/07/01	2069	215	175	275	27	31
유재길	23	1961/07/16	55	2000/04/07	4574	370	396	255	14	12
이관호	42	1966/08/21	50	2013/11/01	558	71	40	211	36	16
이신영	14	1980/04/12	36	2011/07/01	1277	193	110	296	33	24
이희영	13	1960/08/16	56	1986/12/04	7410	599	657	200	19	20
임봉춘	21	1959/04/14	57	2002/08/22	3645	275	298	315	21	36
정지은	30	1954/07/19	62	1982/09/24	8232	732	835	197	16	10
정호익	10	1965/03/08	51	2006/03/04	3232	298	337	314	35	24
지용철	49	1959/06/27	57	1986/11/20	10530	807	928	337	21	24
지용훈	09	1955/10/25	61	1987/06/26	8885	769	823	289	21	30
최봉주	16	1962/11/19	53	2007/03/08	1723	146	141	206	22	13
최상식	28	1960/02/25	56	1993/07/13	5264	389	430	179	10	11
최영주	03	1966/09/03	50	1997/11/19	4075	303	318	175	10	15
최용구	08	1965/10/08	51	2012/07/01	682	105	75	183	23	15
하재흥	35	1955/03/06	61	1983/06/05	9996	903	967	319	33	29
허재영	39	1977/08/15	39	2012/07/01	815	45	57	210	13	16
홍대유	06	1963/01/15	53	2006/07/01	2439	222	185	235	25	10
황영원	47	1967/09/06	49	2010/07/01	1109	68	76	215	8	12