곽영효	19	1961/09/24	55	1997/05/28	3894	439	396	131	14	12
구자흥	07	1963/08/07	53	2010/04/05	1094	109	123	180	23	21
김대근	48	1957/08/19	59	1986/07/30	7330	694	752	266	41	31
김동균	52	1975/08/24	41	2012/07/01	1126	92	95	332	19	27
김동철	53	1974/11/28	42	2016/03/16	113	3	10	113	3	10
김순근	45	1957/05/05	59	2002/06/01	3915	272	333	246	18	26
김양선	36	1955/03/01	61	1983/06/05	8820	896	897	225	20	24
김윤섭	32	1968/09/20	48	1998/07/02	4283	278	365	164	8	17
김점오	17	1959/05/20	57	1987/07/10	7700	721	728	238	31	27
김학수	44	1960/08/02	56	2004/04/07	2230	230	201	147	13	15
박대흥	18	1958/08/07	58	1997/05/28	5399	729	584	284	46	21
박병일	27	1964/04/26	52	2011/07/15	681	44	58	154	8	21
박윤규	04	1966/09/26	50	2004/07/01	2884	233	247	250	19	28
박재우	50	1970/01/02	46	2011/01/26	1308	171	135	256	38	35
박종곤	01	1962/08/26	54	1997/09/04	3472	303	311	173	33	20
박천서	54	1963/06/08	53	2003/03/05	3381	346	329	205	18	20
박흥진	38	1956/03/20	60	1984/01/01	8065	694	705	150	3	8
박희철	15	1961/06/26	55	2002/07/01	3937	339	362	271	17	22
배대선	20	1960/04/02	56	1995/06/26	6205	745	698	354	31	34
배휴준	29	1966/09/25	50	2005/07/01	3240	240	277	298	22	28
브라이	55	1958/04/13	58	2016/03/16	86	15	13	86	15	13
서범석	12	1964/07/26	52	1999/07/01	3840	349	353	181	14	13
서인석	33	1968/11/20	48	2010/12/09	2171	194	216	437	36	47
서정하	43	1958/12/22	58	2004/09/01	2204	144	179	160	8	8
서홍수	24	1964/01/04	52	2008/09/24	1322	102	107	174	12	6
손영표	02	1966/11/14	50	2006/07/27	2197	199	187	203	14	12
송문길	40	1971/03/22	45	2013/07/01	699	90	81	259	40	39
신삼영	41	1963/11/06	53	2010/07/01	1195	121	110	210	19	27
심승태	37	1978/02/14	38	2012/05/04	1015	88	108	282	25	24
안병기	22	1966/01/20	50	2008/07/01	2287	217	212	207	17	21
안해양	26	1961/07/24	55	1999/08/26	3454	338	290	153	7	11
양재철	46	1955/02/26	61	1986/07/30	6725	538	582	140	12	10
양희진	11	1976/02/01	40	2012/11/01	652	49	42	164	16	6
우창구	05	1963/04/28	53	2008/07/01	2097	218	178	272	30	30
유재길	23	1961/07/16	55	2000/04/07	4603	373	397	252	16	13
이관호	42	1966/08/21	50	2013/11/01	584	75	44	209	34	18
이신영	14	1980/04/12	36	2011/07/01	1310	195	112	290	32	23
이희영	13	1960/08/16	56	1986/12/04	7433	600	658	200	17	19
임봉춘	21	1959/04/14	57	2002/08/22	3679	280	303	317	24	40
정지은	30	1954/07/19	62	1982/09/24	8252	734	839	187	14	12
정호익	10	1965/03/08	51	2006/03/04	3270	304	342	311	38	28
지용철	49	1959/06/27	57	1986/11/20	10565	810	932	335	24	24
지용훈	09	1955/10/25	61	1987/06/26	8907	770	823	278	16	26
최봉주	16	1962/11/19	54	2007/03/08	1746	147	145	201	22	15
최상식	28	1960/02/25	56	1993/07/13	5284	392	431	173	13	11
최영주	03	1966/09/03	50	1997/11/19	4091	304	320	161	9	15
최용구	08	1965/10/08	51	2012/07/01	701	106	76	184	18	15
하재흥	35	1955/03/06	61	1983/06/05	10038	906	969	324	35	29
허재영	39	1977/08/15	39	2012/07/01	825	45	57	186	11	14
홍대유	06	1963/01/15	53	2006/07/01	2466	224	188	231	25	11
황영원	47	1967/09/06	49	2010/07/01	1128	69	77	209	8	12