강명준	25	1964/11/10	51	2003/06/18	2085	151	145	146	3	8
곽영효	19	1961/09/24	54	1997/05/28	3785	426	385	128	9	15
구자흥	07	1963/08/07	52	2010/04/05	956	92	107	198	23	22
김대근	48	1957/08/19	58	1986/07/30	7120	661	727	234	22	29
김동균	52	1975/08/24	40	2012/07/01	864	75	74	287	20	22
김동철	53	1974/11/28	41	2016/03/16	0	0	0	0	0	0
김순근	45	1957/05/05	58	2002/06/01	3727	257	311	329	28	20
김양선	36	1955/03/01	61	1983/06/05	8648	881	878	246	24	22
김윤섭	32	1968/09/20	47	1998/07/02	4157	274	354	214	11	15
김점오	17	1959/05/20	56	1987/07/10	7521	696	710	255	21	32
김학수	44	1960/08/02	55	2004/04/07	2127	219	188	232	9	20
김호	51	1968/03/23	47	2006/12/14	2821	321	294	409	50	49
김효섭	31	1965/11/04	50	2009/07/01	1455	165	157	301	39	40
박대흥	18	1958/08/07	57	1997/05/28	5177	690	569	289	36	37
박병일	27	1964/04/26	51	2011/07/15	555	37	40	131	5	7
박윤규	04	1966/09/26	49	2004/07/01	2686	217	224	261	16	19
박재우	50	1970/01/02	46	2011/01/26	1105	140	110	281	41	30
박종곤	01	1962/08/26	53	1997/09/04	3335	277	296	188	26	20
박천서	54	1963/06/08	52	2003/03/05	3219	331	315	261	28	30
박흥진	38	1956/03/20	59	1984/01/01	7947	691	698	150	6	7
박희철	15	1961/06/26	54	2002/07/01	3722	325	344	278	22	19
배대선	20	1960/04/02	55	1995/06/26	5909	720	670	347	45	29
배휴준	29	1966/09/25	49	2005/07/01	3000	222	252	277	26	18
브라이	55	1958/04/13	57	2016/03/16	0	0	0	0	0	0
서범석	12	1964/07/26	51	1999/07/01	3698	340	343	169	12	18
서인석	33	1968/11/20	47	2010/12/09	1832	170	178	458	47	41
서정하	43	1958/12/22	57	2004/09/01	2069	138	172	174	12	13
서홍수	24	1964/01/04	52	2008/09/24	1188	94	102	155	14	15
손영표	02	1966/11/14	49	2006/07/27	2044	187	179	231	19	14
송문길	40	1971/03/22	44	2013/07/01	492	57	52	231	30	26
신삼영	41	1963/11/06	52	2010/07/01	1033	104	91	204	16	25
신우철	34	1952/08/12	63	1983/06/05	8669	1147	988	154	11	13
심승태	37	1978/02/14	38	2012/05/04	788	67	87	282	24	38
안병기	22	1966/01/20	50	2008/07/01	2080	200	191	48	1	4
안해양	26	1961/07/24	54	1999/08/26	3337	335	282	219	13	12
양재철	46	1955/02/26	61	1986/07/30	6620	527	573	173	8	9
양희진	11	1976/02/01	40	2012/11/01	533	41	38	216	17	19
우창구	05	1963/04/28	52	2008/07/01	1889	192	153	287	23	29
유재길	23	1961/07/16	54	2000/04/07	4412	361	387	277	12	13
이관호	42	1966/08/21	49	2013/11/01	417	45	28	190	21	12
이신영	14	1980/04/12	35	2011/07/01	1082	169	96	282	46	29
이희영	13	1960/08/16	55	1986/12/04	7269	586	642	191	23	24
임봉춘	21	1959/04/14	56	2002/08/22	3424	258	267	322	14	16
정지은	30	1954/07/19	61	1982/09/24	8106	723	827	196	15	14
정호익	10	1965/03/08	51	2006/03/04	3028	273	319	354	36	35
지용철	49	1959/06/27	56	1986/11/20	10312	792	916	348	11	23
지용훈	09	1955/10/25	60	1987/06/26	8697	757	801	313	40	33
최봉주	16	1962/11/19	53	2007/03/08	1593	128	132	218	11	9
최상식	28	1960/02/25	56	1993/07/13	5154	383	423	204	6	14
최영주	03	1966/09/03	49	1997/11/19	3968	298	306	175	10	7
최용구	08	1965/10/08	50	2012/07/01	563	93	64	208	35	20
하재흥	35	1955/03/06	61	1983/06/05	9782	878	947	292	21	22
허재영	39	1977/08/15	38	2012/07/01	693	38	48	266	17	24
홍대유	06	1963/01/15	53	2006/07/01	2287	206	178	223	16	11
황영원	47	1967/09/06	48	2010/07/01	972	62	68	200	9	11