곽영효	19	1961/09/24	55	1997/05/28	3882	438	394	132	16	12
구자흥	07	1963/08/07	53	2010/04/05	1084	107	121	191	23	23
김대근	48	1957/08/19	59	1986/07/30	7309	691	749	275	42	33
김동균	52	1975/08/24	41	2012/07/01	1104	91	94	341	22	27
김동철	53	1974/11/28	41	2016/03/16	102	3	8	102	3	8
김순근	45	1957/05/05	59	2002/06/01	3893	269	331	258	19	26
김양선	36	1955/03/01	61	1983/06/05	8805	894	897	239	22	29
김윤섭	32	1968/09/20	48	1998/07/02	4266	277	365	169	7	19
김점오	17	1959/05/20	57	1987/07/10	7681	720	728	247	32	30
김학수	44	1960/08/02	56	2004/04/07	2221	230	201	158	14	16
박대흥	18	1958/08/07	58	1997/05/28	5374	722	583	284	40	21
박병일	27	1964/04/26	52	2011/07/15	669	44	57	156	9	22
박윤규	04	1966/09/26	50	2004/07/01	2859	229	246	250	17	31
박재우	50	1970/01/02	46	2011/01/26	1276	168	133	252	40	33
박종곤	01	1962/08/26	54	1997/09/04	3454	301	310	168	33	21
박천서	54	1963/06/08	53	2003/03/05	3361	346	327	212	22	19
박흥진	38	1956/03/20	60	1984/01/01	8049	693	705	155	2	8
박희철	15	1961/06/26	55	2002/07/01	3912	339	360	276	18	21
배대선	20	1960/04/02	56	1995/06/26	6171	742	695	353	33	34
배휴준	29	1966/09/25	50	2005/07/01	3220	239	274	307	24	28
브라이	55	1958/04/13	58	2016/03/16	73	13	12	73	13	12
서범석	12	1964/07/26	52	1999/07/01	3825	348	353	182	13	18
서인석	33	1968/11/20	48	2010/12/09	2133	192	210	447	40	45
서정하	43	1958/12/22	57	2004/09/01	2188	144	178	158	10	9
서홍수	24	1964/01/04	52	2008/09/24	1309	102	107	178	14	8
손영표	02	1966/11/14	50	2006/07/27	2183	199	187	218	16	12
송문길	40	1971/03/22	45	2013/07/01	675	86	77	262	40	40
신삼영	41	1963/11/06	53	2010/07/01	1179	120	110	211	19	30
심승태	37	1978/02/14	38	2012/05/04	989	85	103	285	24	23
안병기	22	1966/01/20	50	2008/07/01	2254	212	206	174	12	15
안해양	26	1961/07/24	55	1999/08/26	3443	336	289	161	6	10
양재철	46	1955/02/26	61	1986/07/30	6714	534	581	145	10	9
양희진	11	1976/02/01	40	2012/11/01	642	49	42	177	17	6
우창구	05	1963/04/28	53	2008/07/01	2077	218	175	278	30	30
유재길	23	1961/07/16	55	2000/04/07	4581	371	396	256	15	12
이관호	42	1966/08/21	50	2013/11/01	566	71	42	211	31	18
이신영	14	1980/04/12	36	2011/07/01	1281	194	110	292	33	24
이희영	13	1960/08/16	56	1986/12/04	7414	599	657	198	18	19
임봉춘	21	1959/04/14	57	2002/08/22	3651	276	299	313	22	37
정지은	30	1954/07/19	62	1982/09/24	8238	733	835	197	16	10
정호익	10	1965/03/08	51	2006/03/04	3241	298	337	314	34	24
지용철	49	1959/06/27	57	1986/11/20	10535	807	930	336	21	25
지용훈	09	1955/10/25	61	1987/06/26	8890	770	823	290	21	29
최봉주	16	1962/11/19	54	2007/03/08	1727	146	141	207	22	13
최상식	28	1960/02/25	56	1993/07/13	5267	389	430	178	10	11
최영주	03	1966/09/03	50	1997/11/19	4079	303	318	173	10	14
최용구	08	1965/10/08	51	2012/07/01	686	105	76	185	22	16
하재흥	35	1955/03/06	61	1983/06/05	10005	903	967	322	33	29
허재영	39	1977/08/15	39	2012/07/01	819	45	57	207	12	16
홍대유	06	1963/01/15	53	2006/07/01	2444	223	185	235	25	10
황영원	47	1967/09/06	49	2010/07/01	1115	68	76	217	8	12