강명준	25	1964/11/10	51	2003/06/18	2106	153	146	141	5	9
곽영효	19	1961/09/24	54	1997/05/28	3815	431	387	131	14	15
구자흥	07	1963/08/07	52	2010/04/05	990	96	112	187	22	21
김대근	48	1957/08/19	58	1986/07/30	7171	668	731	240	27	27
김동균	52	1975/08/24	40	2012/07/01	931	80	79	303	19	25
김동철	53	1974/11/28	41	2016/03/16	22	0	2	22	0	2
김순근	45	1957/05/05	59	2002/06/01	3776	261	316	303	27	23
김양선	36	1955/03/01	61	1983/06/05	8695	885	882	242	25	21
김윤섭	32	1968/09/20	47	1998/07/02	4188	275	361	204	11	20
김점오	17	1959/05/20	57	1987/07/10	7558	706	715	243	28	32
김학수	44	1960/08/02	55	2004/04/07	2154	223	191	218	12	22
김호	51	1968/03/23	48	2006/12/14	2861	322	301	357	34	49
김효섭	31	1965/11/04	50	2009/07/01	1491	170	162	271	30	33
박대흥	18	1958/08/07	57	1997/05/28	5234	701	571	292	40	28
박병일	27	1964/04/26	52	2011/07/15	589	39	43	139	7	10
박윤규	04	1966/09/26	49	2004/07/01	2732	218	229	256	14	23
박재우	50	1970/01/02	46	2011/01/26	1147	149	118	266	43	29
박종곤	01	1962/08/26	53	1997/09/04	3365	279	300	187	24	21
박천서	54	1963/06/08	52	2003/03/05	3260	334	318	248	26	28
박흥진	38	1956/03/20	60	1984/01/01	7979	693	700	152	6	6
박희철	15	1961/06/26	54	2002/07/01	3771	329	351	275	24	21
배대선	20	1960/04/02	56	1995/06/26	5975	725	675	335	35	30
배휴준	29	1966/09/25	49	2005/07/01	3072	228	257	299	29	21
브라이	55	1958/04/13	58	2016/03/16	6	2	1	6	2	1
서범석	12	1964/07/26	51	1999/07/01	3731	344	345	165	13	18
서인석	33	1968/11/20	47	2010/12/09	1932	176	189	472	41	40
서정하	43	1958/12/22	57	2004/09/01	2097	140	175	158	9	13
서홍수	24	1964/01/04	52	2008/09/24	1221	97	105	162	13	14
손영표	02	1966/11/14	49	2006/07/27	2093	189	181	226	16	15
송문길	40	1971/03/22	45	2013/07/01	545	66	63	244	32	35
신삼영	41	1963/11/06	52	2010/07/01	1077	109	97	210	20	28
신우철	34	1952/08/12	63	1983/06/05	8699	1148	988	150	9	8
심승태	37	1978/02/14	38	2012/05/04	835	75	96	272	29	41
안병기	22	1966/01/20	50	2008/07/01	2096	202	192	16	2	1
안해양	26	1961/07/24	54	1999/08/26	3366	335	285	200	9	12
양재철	46	1955/02/26	61	1986/07/30	6648	532	573	161	12	8
양희진	11	1976/02/01	40	2012/11/01	574	45	41	217	18	14
우창구	05	1963/04/28	53	2008/07/01	1943	203	156	285	32	25
유재길	23	1961/07/16	54	2000/04/07	4458	364	391	268	14	13
이관호	42	1966/08/21	49	2013/11/01	455	52	32	199	27	14
이신영	14	1980/04/12	36	2011/07/01	1138	177	100	283	43	27
이희영	13	1960/08/16	55	1986/12/04	7313	587	649	199	21	25
임봉춘	21	1959/04/14	57	2002/08/22	3489	264	272	313	17	18
정지은	30	1954/07/19	61	1982/09/24	8144	724	827	200	14	10
정호익	10	1965/03/08	51	2006/03/04	3088	278	325	343	34	31
지용철	49	1959/06/27	56	1986/11/20	10374	794	921	340	12	24
지용훈	09	1955/10/25	60	1987/06/26	8757	761	813	308	34	36
최봉주	16	1962/11/19	53	2007/03/08	1635	128	133	219	10	10
최상식	28	1960/02/25	56	1993/07/13	5193	384	426	200	6	15
최영주	03	1966/09/03	49	1997/11/19	4002	301	308	179	11	7
최용구	08	1965/10/08	50	2012/07/01	597	97	66	204	33	18
하재흥	35	1955/03/06	61	1983/06/05	9843	884	952	293	23	21
허재영	39	1977/08/15	38	2012/07/01	735	42	48	256	17	20
홍대유	06	1963/01/15	53	2006/07/01	2331	207	178	224	16	10
황영원	47	1967/09/06	48	2010/07/01	1008	65	71	199	8	13