곽영효	19	1961/09/24	55	1997/05/28	3870	438	394	133	17	13
구자흥	07	1963/08/07	53	2010/04/05	1067	106	118	187	24	21
김대근	48	1957/08/19	59	1986/07/30	7285	687	745	269	42	31
김동균	52	1975/08/24	41	2012/07/01	1080	89	91	336	20	26
김동철	53	1974/11/28	41	2016/03/16	91	2	8	91	2	8
김순근	45	1957/05/05	59	2002/06/01	3877	269	329	266	19	26
김양선	36	1955/03/01	61	1983/06/05	8786	890	894	239	20	26
김윤섭	32	1968/09/20	48	1998/07/02	4251	276	362	175	9	17
김점오	17	1959/05/20	57	1987/07/10	7661	719	724	249	32	28
김학수	44	1960/08/02	56	2004/04/07	2212	230	200	169	16	17
김호	51	1968/03/23	48	2006/12/14	2861	322	301	182	15	22
김효섭	31	1965/11/04	50	2009/07/01	1491	170	162	147	12	18
박대흥	18	1958/08/07	58	1997/05/28	5351	719	582	283	41	22
박병일	27	1964/04/26	52	2011/07/15	658	43	55	155	10	20
박윤규	04	1966/09/26	50	2004/07/01	2837	227	243	250	16	31
박재우	50	1970/01/02	46	2011/01/26	1257	166	130	256	42	32
박종곤	01	1962/08/26	54	1997/09/04	3438	300	307	167	35	19
박천서	54	1963/06/08	53	2003/03/05	3344	344	325	220	23	22
박흥진	38	1956/03/20	60	1984/01/01	8039	693	705	158	3	8
박희철	15	1961/06/26	55	2002/07/01	3885	339	357	265	21	19
배대선	20	1960/04/02	56	1995/06/26	6136	737	692	349	31	37
배휴준	29	1966/09/25	50	2005/07/01	3198	237	272	307	25	27
브라이	55	1958/04/13	58	2016/03/16	60	11	8	60	11	8
서범석	12	1964/07/26	52	1999/07/01	3811	347	351	183	13	18
서인석	33	1968/11/20	47	2010/12/09	2101	189	204	454	40	44
서정하	43	1958/12/22	57	2004/09/01	2176	144	178	157	10	12
서홍수	24	1964/01/04	52	2008/09/24	1296	101	107	181	13	10
손영표	02	1966/11/14	49	2006/07/27	2170	195	187	223	13	12
송문길	40	1971/03/22	45	2013/07/01	652	83	74	257	39	41
신삼영	41	1963/11/06	52	2010/07/01	1158	118	107	206	17	29
심승태	37	1978/02/14	38	2012/05/04	959	81	103	279	22	26
안병기	22	1966/01/20	50	2008/07/01	2225	210	204	145	10	13
안해양	26	1961/07/24	55	1999/08/26	3429	336	288	166	6	9
양재철	46	1955/02/26	61	1986/07/30	6704	534	580	153	11	10
양희진	11	1976/02/01	40	2012/11/01	633	47	42	187	15	8
우창구	05	1963/04/28	53	2008/07/01	2059	213	173	286	29	33
유재길	23	1961/07/16	55	2000/04/07	4560	370	396	258	15	13
이관호	42	1966/08/21	50	2013/11/01	544	68	40	207	34	17
이신영	14	1980/04/12	36	2011/07/01	1257	190	110	291	32	24
이희영	13	1960/08/16	56	1986/12/04	7395	598	655	192	18	19
임봉춘	21	1959/04/14	57	2002/08/22	3630	274	296	319	21	35
정지은	30	1954/07/19	62	1982/09/24	8220	732	834	196	17	10
정호익	10	1965/03/08	51	2006/03/04	3213	296	336	316	33	24
지용철	49	1959/06/27	57	1986/11/20	10504	802	928	335	16	24
지용훈	09	1955/10/25	61	1987/06/26	8867	768	823	297	25	32
최봉주	16	1962/11/19	53	2007/03/08	1709	144	139	202	22	11
최상식	28	1960/02/25	56	1993/07/13	5253	389	430	178	10	11
최영주	03	1966/09/03	50	1997/11/19	4067	302	315	177	10	12
최용구	08	1965/10/08	51	2012/07/01	671	104	73	187	24	17
하재흥	35	1955/03/06	61	1983/06/05	9971	902	967	318	35	30
허재영	39	1977/08/15	39	2012/07/01	807	45	57	217	13	19
홍대유	06	1963/01/15	53	2006/07/01	2424	220	182	230	24	7
황영원	47	1967/09/06	49	2010/07/01	1095	68	76	209	8	12