강명준	25	1964/11/10	51	2003/06/18	2080	151	144	149	3	7
곽영효	19	1961/09/24	54	1997/05/28	3782	426	385	132	9	15
구자흥	07	1963/08/07	52	2010/04/05	948	91	105	199	22	24
김대근	48	1957/08/19	58	1986/07/30	7112	661	726	237	24	28
김동균	52	1975/08/24	40	2012/07/01	850	74	74	287	20	22
김순근	45	1957/05/05	58	2002/06/01	3720	257	310	335	28	22
김양선	36	1955/03/01	61	1983/06/05	8642	880	877	249	23	22
김윤섭	32	1968/09/20	47	1998/07/02	4149	274	352	217	11	15
김점오	17	1959/05/20	56	1987/07/10	7509	695	708	250	21	32
김학수	44	1960/08/02	55	2004/04/07	2120	219	187	235	9	20
김호	51	1968/03/23	47	2006/12/14	2806	319	294	410	48	49
김효섭	31	1965/11/04	50	2009/07/01	1446	164	156	307	39	40
박대흥	18	1958/08/07	57	1997/05/28	5165	688	568	288	35	37
박병일	27	1964/04/26	51	2011/07/15	551	37	39	133	6	6
박윤규	04	1966/09/26	49	2004/07/01	2675	216	222	261	16	17
박재우	50	1970/01/02	46	2011/01/26	1093	138	109	277	39	30
박종곤	01	1962/08/26	53	1997/09/04	3328	274	295	184	23	19
박천서	54	1963/06/08	52	2003/03/05	3212	330	313	264	27	29
박흥진	38	1956/03/20	59	1984/01/01	7942	691	698	154	8	8
박희철	15	1961/06/26	54	2002/07/01	3716	325	344	276	22	19
배대선	20	1960/04/02	55	1995/06/26	5898	720	670	351	47	31
배휴준	29	1966/09/25	49	2005/07/01	2990	221	252	276	26	18
서범석	12	1964/07/26	51	1999/07/01	3688	339	342	173	11	20
서인석	33	1968/11/20	47	2010/12/09	1818	166	176	466	45	40
서정하	43	1958/12/22	57	2004/09/01	2065	137	172	177	11	14
서홍수	24	1964/01/04	52	2008/09/24	1179	94	101	151	14	14
손영표	02	1966/11/14	49	2006/07/27	2037	187	178	233	19	14
송문길	40	1971/03/22	44	2013/07/01	482	55	50	231	31	24
신삼영	41	1963/11/06	52	2010/07/01	1027	104	89	208	16	23
신우철	34	1952/08/12	63	1983/06/05	8663	1147	988	161	11	16
심승태	37	1978/02/14	38	2012/05/04	778	65	87	280	23	40
안병기	22	1966/01/20	50	2008/07/01	2080	200	191	65	4	6
안해양	26	1961/07/24	54	1999/08/26	3332	334	281	222	13	11
양재철	46	1955/02/26	61	1986/07/30	6613	527	573	176	10	10
양희진	11	1976/02/01	40	2012/11/01	526	39	38	218	15	19
우창구	05	1963/04/28	52	2008/07/01	1878	190	152	290	22	30
유재길	23	1961/07/16	54	2000/04/07	4402	361	386	279	14	13
이관호	42	1966/08/21	49	2013/11/01	408	44	28	189	22	12
이신영	14	1980/04/12	35	2011/07/01	1068	167	94	279	44	27
이희영	13	1960/08/16	55	1986/12/04	7261	586	641	189	23	25
임봉춘	21	1959/04/14	56	2002/08/22	3414	258	267	328	17	17
정지은	30	1954/07/19	61	1982/09/24	8100	723	827	197	17	14
정호익	10	1965/03/08	50	2006/03/04	3018	272	319	357	38	39
지용철	49	1959/06/27	56	1986/11/20	10293	791	915	347	10	23
지용훈	09	1955/10/25	60	1987/06/26	8682	755	800	318	40	32
최봉주	16	1962/11/19	53	2007/03/08	1584	128	132	215	11	10
최상식	28	1960/02/25	56	1993/07/13	5147	382	421	206	5	12
최영주	03	1966/09/03	49	1997/11/19	3960	297	306	173	9	7
최용구	08	1965/10/08	50	2012/07/01	555	93	63	209	37	19
하재흥	35	1955/03/06	60	1983/06/05	9770	876	945	292	21	20
허재영	39	1977/08/15	38	2012/07/01	679	37	47	261	17	23
홍대유	06	1963/01/15	53	2006/07/01	2275	205	177	221	16	10
황영원	47	1967/09/06	48	2010/07/01	960	62	67	197	9	10