강명준	25	1964/11/10	51	2003/06/18	2094	151	145	142	3	8
곽영효	19	1961/09/24	54	1997/05/28	3797	427	385	127	10	14
구자흥	07	1963/08/07	52	2010/04/05	972	94	108	196	23	21
김대근	48	1957/08/19	58	1986/07/30	7142	665	727	236	26	25
김동균	52	1975/08/24	40	2012/07/01	890	77	76	295	20	24
김동철	53	1974/11/28	41	2016/03/16	0	0	0	0	0	0
김순근	45	1957/05/05	58	2002/06/01	3751	258	313	321	26	22
김양선	36	1955/03/01	61	1983/06/05	8669	883	880	244	25	20
김윤섭	32	1968/09/20	47	1998/07/02	4172	274	358	212	11	18
김점오	17	1959/05/20	56	1987/07/10	7534	700	713	245	23	34
김학수	44	1960/08/02	55	2004/04/07	2137	220	188	231	9	20
김호	51	1968/03/23	48	2006/12/14	2853	322	300	404	44	51
김효섭	31	1965/11/04	50	2009/07/01	1487	168	161	307	36	41
박대흥	18	1958/08/07	57	1997/05/28	5200	696	570	292	38	34
박병일	27	1964/04/26	51	2011/07/15	564	37	41	131	5	8
박윤규	04	1966/09/26	49	2004/07/01	2704	217	226	259	15	20
박재우	50	1970/01/02	46	2011/01/26	1121	142	112	275	40	29
박종곤	01	1962/08/26	53	1997/09/04	3346	277	297	188	24	21
박천서	54	1963/06/08	52	2003/03/05	3237	333	317	255	28	28
박흥진	38	1956/03/20	60	1984/01/01	7959	691	699	150	5	6
박희철	15	1961/06/26	54	2002/07/01	3746	327	345	279	23	18
배대선	20	1960/04/02	56	1995/06/26	5935	723	670	341	42	26
배휴준	29	1966/09/25	49	2005/07/01	3025	224	254	283	28	20
브라이	55	1958/04/13	58	2016/03/16	0	0	0	0	0	0
서범석	12	1964/07/26	51	1999/07/01	3711	342	345	167	12	19
서인석	33	1968/11/20	47	2010/12/09	1874	175	179	466	47	36
서정하	43	1958/12/22	57	2004/09/01	2079	138	172	166	11	13
서홍수	24	1964/01/04	52	2008/09/24	1205	95	103	163	14	14
손영표	02	1966/11/14	49	2006/07/27	2066	188	180	232	19	15
송문길	40	1971/03/22	45	2013/07/01	514	61	57	235	31	30
신삼영	41	1963/11/06	52	2010/07/01	1050	107	93	207	18	26
신우철	34	1952/08/12	63	1983/06/05	8680	1148	988	152	11	11
심승태	37	1978/02/14	38	2012/05/04	804	69	89	272	25	37
안병기	22	1966/01/20	50	2008/07/01	2080	200	191	13	0	1
안해양	26	1961/07/24	54	1999/08/26	3351	335	284	214	11	12
양재철	46	1955/02/26	61	1986/07/30	6633	529	573	172	9	9
양희진	11	1976/02/01	40	2012/11/01	550	42	40	214	15	18
우창구	05	1963/04/28	52	2008/07/01	1910	196	155	287	27	31
유재길	23	1961/07/16	54	2000/04/07	4431	361	388	281	12	12
이관호	42	1966/08/21	49	2013/11/01	432	47	30	193	23	13
이신영	14	1980/04/12	36	2011/07/01	1104	173	99	285	45	28
이희영	13	1960/08/16	55	1986/12/04	7289	586	645	197	23	23
임봉춘	21	1959/04/14	57	2002/08/22	3452	260	269	318	15	18
정지은	30	1954/07/19	61	1982/09/24	8123	724	827	200	15	13
정호익	10	1965/03/08	51	2006/03/04	3052	276	323	348	36	34
지용철	49	1959/06/27	56	1986/11/20	10337	793	920	343	12	26
지용훈	09	1955/10/25	60	1987/06/26	8723	759	806	311	38	35
최봉주	16	1962/11/19	53	2007/03/08	1612	128	132	221	10	9
최상식	28	1960/02/25	56	1993/07/13	5169	383	424	199	5	14
최영주	03	1966/09/03	49	1997/11/19	3983	301	307	181	13	7
최용구	08	1965/10/08	50	2012/07/01	577	94	65	207	34	21
하재흥	35	1955/03/06	61	1983/06/05	9804	880	950	286	21	21
허재영	39	1977/08/15	38	2012/07/01	709	40	48	264	17	24
홍대유	06	1963/01/15	53	2006/07/01	2304	206	178	222	16	10
황영원	47	1967/09/06	48	2010/07/01	992	64	70	205	10	13