곽영효	19	1961/09/24	55	1997/05/28	3903	439	397	138	13	13
구자흥	07	1963/08/07	53	2010/04/05	1102	109	125	182	21	23
김대근	48	1957/08/19	59	1986/07/30	7344	695	753	269	40	30
김동균	52	1975/08/24	41	2012/07/01	1146	94	95	338	20	26
김동철	53	1974/11/28	42	2016/03/16	122	3	11	122	3	11
김순근	45	1957/05/05	59	2002/06/01	3926	272	333	240	17	26
김양선	36	1955/03/01	61	1983/06/05	8830	897	898	224	20	24
김윤섭	32	1968/09/20	48	1998/07/02	4293	278	366	167	8	16
김점오	17	1959/05/20	57	1987/07/10	7712	722	728	239	32	24
김학수	44	1960/08/02	56	2004/04/07	2237	231	201	146	14	15
박대흥	18	1958/08/07	58	1997/05/28	5417	731	586	292	46	23
박병일	27	1964/04/26	52	2011/07/15	689	45	59	158	9	22
박윤규	04	1966/09/26	50	2004/07/01	2898	235	250	254	21	31
박재우	50	1970/01/02	47	2011/01/26	1324	172	141	262	37	40
박종곤	01	1962/08/26	54	1997/09/04	3482	304	311	174	33	19
박천서	54	1963/06/08	53	2003/03/05	3393	348	330	210	20	20
박흥진	38	1956/03/20	60	1984/01/01	8073	695	705	155	4	8
박희철	15	1961/06/26	55	2002/07/01	3946	339	362	271	17	22
배대선	20	1960/04/02	56	1995/06/26	6227	745	700	368	29	34
배휴준	29	1966/09/25	50	2005/07/01	3252	240	277	302	22	28
브라이	55	1958/04/13	58	2016/03/16	92	16	14	92	16	14
서범석	12	1964/07/26	52	1999/07/01	3851	350	354	185	14	14
서인석	33	1968/11/20	48	2010/12/09	2194	196	222	441	36	51
서정하	43	1958/12/22	58	2004/09/01	2215	144	180	166	8	9
서홍수	24	1964/01/04	53	2008/09/24	1328	103	108	171	12	7
손영표	02	1966/11/14	50	2006/07/27	2205	200	187	202	13	11
송문길	40	1971/03/22	45	2013/07/01	716	92	84	261	40	38
신삼영	41	1963/11/06	53	2010/07/01	1208	126	110	209	24	23
심승태	37	1978/02/14	38	2012/05/04	1033	90	110	287	27	26
안병기	22	1966/01/20	50	2008/07/01	2307	221	212	227	21	21
안해양	26	1961/07/24	55	1999/08/26	3466	338	290	158	7	10
양재철	46	1955/02/26	61	1986/07/30	6730	538	582	137	12	10
양희진	11	1976/02/01	40	2012/11/01	660	49	42	165	15	6
우창구	05	1963/04/28	53	2008/07/01	2111	219	179	276	31	31
유재길	23	1961/07/16	55	2000/04/07	4620	374	399	257	16	14
이관호	42	1966/08/21	50	2013/11/01	598	78	44	216	36	18
이신영	14	1980/04/12	36	2011/07/01	1328	196	112	294	32	21
이희영	13	1960/08/16	56	1986/12/04	7438	601	658	202	18	18
임봉춘	21	1959/04/14	57	2002/08/22	3697	281	305	323	25	42
정지은	30	1954/07/19	62	1982/09/24	8259	735	840	186	14	13
정호익	10	1965/03/08	51	2006/03/04	3285	308	345	309	39	28
지용철	49	1959/06/27	57	1986/11/20	10586	812	932	341	22	24
지용훈	09	1955/10/25	61	1987/06/26	8923	770	824	282	16	27
최봉주	16	1962/11/19	54	2007/03/08	1756	147	147	202	21	17
최상식	28	1960/02/25	56	1993/07/13	5294	394	433	174	15	12
최영주	03	1966/09/03	50	1997/11/19	4102	306	321	164	11	16
최용구	08	1965/10/08	51	2012/07/01	712	106	78	187	16	17
하재흥	35	1955/03/06	61	1983/06/05	10056	906	969	328	35	28
허재영	39	1977/08/15	39	2012/07/01	834	45	58	188	11	14
홍대유	06	1963/01/15	53	2006/07/01	2479	226	188	235	25	11
황영원	47	1967/09/06	49	2010/07/01	1139	69	78	215	8	13