곽영효	19	1961/09/24	55	1997/05/28	3945	440	398	145	13	13
구자흥	07	1963/08/07	53	2010/04/05	1160	112	137	186	18	29
김대근	48	1957/08/19	59	1986/07/30	7406	704	761	257	38	34
김동균	52	1975/08/24	41	2012/07/01	1232	101	99	339	23	23
김동철	53	1974/11/28	42	2016/03/16	187	7	17	186	7	17
김순근	45	1957/05/05	59	2002/06/01	3985	277	338	232	18	25
김양선	36	1955/03/01	62	1983/06/05	8881	903	902	209	20	22
김윤섭	32	1968/09/20	48	1998/07/02	4339	280	371	164	6	11
김점오	17	1959/05/20	57	1987/07/10	7777	724	731	235	24	17
김학수	44	1960/08/02	56	2004/04/07	2257	233	203	118	12	15
박대흥	18	1958/08/07	58	1997/05/28	5504	747	600	300	51	30
박병일	27	1964/04/26	52	2011/07/15	743	48	63	174	11	22
박윤규	04	1966/09/26	50	2004/07/01	2973	241	258	262	23	32
박재우	50	1970/01/02	47	2011/01/26	1410	179	150	285	37	38
박종곤	01	1962/08/26	54	1997/09/04	3547	311	314	197	34	16
박천서	54	1963/06/08	53	2003/03/05	3457	358	337	214	25	20
박흥진	38	1956/03/20	61	1984/01/01	8117	695	707	155	4	8
박희철	15	1961/06/26	55	2002/07/01	4036	346	368	285	19	22
배대선	20	1960/04/02	57	1995/06/26	6316	754	705	374	30	34
배휴준	29	1966/09/25	50	2005/07/01	3322	246	280	290	22	25
브라이	55	1958/04/13	59	2016/03/16	128	24	18	128	24	18
서범석	12	1964/07/26	52	1999/07/01	3898	354	358	184	12	13
서인석	33	1968/11/20	48	2010/12/09	2333	212	235	452	37	55
서정하	43	1958/12/22	58	2004/09/01	2264	144	186	181	5	14
서홍수	24	1964/01/04	53	2008/09/24	1372	105	111	164	10	8
손영표	02	1966/11/14	50	2006/07/27	2241	200	188	170	11	8
송문길	40	1971/03/22	46	2013/07/01	812	114	88	293	52	30
신삼영	41	1963/11/06	53	2010/07/01	1261	130	114	207	23	21
심승태	37	1978/02/14	39	2012/05/04	1117	99	116	309	29	25
안병기	22	1966/01/20	51	2008/07/01	2405	229	222	325	29	31
안해양	26	1961/07/24	55	1999/08/26	3507	340	292	154	5	7
양재철	46	1955/02/26	62	1986/07/30	6767	540	589	133	11	16
양희진	11	1976/02/01	41	2012/11/01	684	50	44	129	8	3
우창구	05	1963/04/28	53	2008/07/01	2186	225	187	272	28	32
유재길	23	1961/07/16	55	2000/04/07	4687	382	402	251	19	14
이관호	42	1966/08/21	50	2013/11/01	674	84	53	240	37	23
이신영	14	1980/04/12	37	2011/07/01	1407	211	121	297	38	21
이희영	13	1960/08/16	56	1986/12/04	7494	604	661	200	17	15
임봉춘	21	1959/04/14	58	2002/08/22	3798	290	315	339	29	45
정지은	30	1954/07/19	62	1982/09/24	8308	739	843	181	15	16
정호익	10	1965/03/08	52	2006/03/04	3375	316	359	316	39	36
지용철	49	1959/06/27	57	1986/11/20	10675	824	941	334	31	20
지용훈	09	1955/10/25	61	1987/06/26	9004	774	829	275	14	23
최봉주	16	1962/11/19	54	2007/03/08	1826	153	154	208	25	22
최상식	28	1960/02/25	57	1993/07/13	5341	400	435	167	17	10
최영주	03	1966/09/03	50	1997/11/19	4153	308	324	165	7	17
최용구	08	1965/10/08	51	2012/07/01	760	110	83	181	14	18
하재흥	35	1955/03/06	62	1983/06/05	10159	911	977	350	30	26
허재영	39	1977/08/15	39	2012/07/01	877	46	60	164	6	12
홍대유	06	1963/01/15	54	2006/07/01	2565	227	202	255	21	24
황영원	47	1967/09/06	49	2010/07/01	1146	71	79	152	7	9