곽영효	19	1961/09/24	55	1997/05/28	3889	438	396	135	15	14
구자흥	07	1963/08/07	53	2010/04/05	1086	107	121	189	23	23
김대근	48	1957/08/19	59	1986/07/30	7315	693	750	274	43	31
김동균	52	1975/08/24	41	2012/07/01	1110	92	94	338	21	27
김동철	53	1974/11/28	42	2016/03/16	104	3	8	104	3	8
김순근	45	1957/05/05	59	2002/06/01	3898	270	331	255	20	24
김양선	36	1955/03/01	61	1983/06/05	8809	894	897	235	21	27
김윤섭	32	1968/09/20	48	1998/07/02	4270	277	365	170	7	19
김점오	17	1959/05/20	57	1987/07/10	7687	720	728	247	30	30
김학수	44	1960/08/02	56	2004/04/07	2224	230	201	159	14	16
박대흥	18	1958/08/07	58	1997/05/28	5380	723	584	285	41	22
박병일	27	1964/04/26	52	2011/07/15	674	44	58	158	9	23
박윤규	04	1966/09/26	50	2004/07/01	2863	229	246	247	15	31
박재우	50	1970/01/02	46	2011/01/26	1285	168	133	256	39	33
박종곤	01	1962/08/26	54	1997/09/04	3460	302	310	170	34	20
박천서	54	1963/06/08	53	2003/03/05	3367	346	328	213	22	20
박흥진	38	1956/03/20	60	1984/01/01	8054	693	705	154	2	8
박희철	15	1961/06/26	55	2002/07/01	3918	339	360	275	17	20
배대선	20	1960/04/02	56	1995/06/26	6178	744	695	353	35	34
배휴준	29	1966/09/25	50	2005/07/01	3224	239	275	303	23	28
브라이	55	1958/04/13	58	2016/03/16	77	13	13	77	13	13
서범석	12	1964/07/26	52	1999/07/01	3830	348	353	182	13	18
서인석	33	1968/11/20	48	2010/12/09	2140	192	211	442	39	46
서정하	43	1958/12/22	57	2004/09/01	2194	144	178	161	10	8
서홍수	24	1964/01/04	52	2008/09/24	1311	102	107	179	14	8
손영표	02	1966/11/14	50	2006/07/27	2186	199	187	215	14	12
송문길	40	1971/03/22	45	2013/07/01	683	87	79	263	39	41
신삼영	41	1963/11/06	53	2010/07/01	1185	121	110	211	20	29
심승태	37	1978/02/14	38	2012/05/04	999	85	105	291	23	25
안병기	22	1966/01/20	50	2008/07/01	2262	214	207	182	14	16
안해양	26	1961/07/24	55	1999/08/26	3445	336	289	159	6	10
양재철	46	1955/02/26	61	1986/07/30	6717	536	581	144	12	9
양희진	11	1976/02/01	40	2012/11/01	643	49	42	173	17	6
우창구	05	1963/04/28	53	2008/07/01	2082	218	176	279	30	30
유재길	23	1961/07/16	55	2000/04/07	4584	372	396	255	15	12
이관호	42	1966/08/21	50	2013/11/01	570	72	43	211	32	19
이신영	14	1980/04/12	36	2011/07/01	1291	195	110	294	34	23
이희영	13	1960/08/16	56	1986/12/04	7418	599	657	200	18	18
임봉춘	21	1959/04/14	57	2002/08/22	3658	276	300	315	22	38
정지은	30	1954/07/19	62	1982/09/24	8241	733	837	196	16	12
정호익	10	1965/03/08	51	2006/03/04	3248	301	339	314	37	26
지용철	49	1959/06/27	57	1986/11/20	10543	807	931	337	21	25
지용훈	09	1955/10/25	61	1987/06/26	8895	770	823	289	21	28
최봉주	16	1962/11/19	54	2007/03/08	1734	147	141	206	23	12
최상식	28	1960/02/25	56	1993/07/13	5272	390	430	177	11	11
최영주	03	1966/09/03	50	1997/11/19	4082	303	319	173	9	14
최용구	08	1965/10/08	51	2012/07/01	692	105	76	187	21	16
하재흥	35	1955/03/06	61	1983/06/05	10014	904	967	326	33	29
허재영	39	1977/08/15	39	2012/07/01	822	45	57	208	12	15
홍대유	06	1963/01/15	53	2006/07/01	2451	223	185	237	25	9
황영원	47	1967/09/06	49	2010/07/01	1117	68	76	215	8	12