곽영효	19	1961/09/24	54	1997/05/28	3843	436	391	134	18	16
구자흥	07	1963/08/07	53	2010/04/05	1029	100	116	183	21	23
김대근	48	1957/08/19	58	1986/07/30	7227	676	737	249	34	27
김동균	52	1975/08/24	40	2012/07/01	1012	85	83	321	21	25
김동철	53	1974/11/28	41	2016/03/16	61	1	6	61	1	6
김순근	45	1957/05/05	59	2002/06/01	3827	265	320	269	19	23
김양선	36	1955/03/01	61	1983/06/05	8744	889	890	244	24	25
김윤섭	32	1968/09/20	47	1998/07/02	4225	275	362	192	9	19
김점오	17	1959/05/20	57	1987/07/10	7605	713	719	238	30	30
김학수	44	1960/08/02	56	2004/04/07	2186	227	197	187	14	18
김호	51	1968/03/23	48	2006/12/14	2861	322	301	260	23	34
김효섭	31	1965/11/04	50	2009/07/01	1491	170	162	199	18	21
박대흥	18	1958/08/07	58	1997/05/28	5291	711	575	286	41	21
박병일	27	1964/04/26	52	2011/07/15	629	42	51	155	9	17
박윤규	04	1966/09/26	49	2004/07/01	2787	224	236	253	18	26
박재우	50	1970/01/02	46	2011/01/26	1198	157	125	250	41	31
박종곤	01	1962/08/26	53	1997/09/04	3408	293	303	184	32	23
박천서	54	1963/06/08	53	2003/03/05	3308	340	323	241	24	26
박흥진	38	1956/03/20	60	1984/01/01	8011	693	704	153	5	7
박희철	15	1961/06/26	55	2002/07/01	3833	337	354	268	24	22
배대선	20	1960/04/02	56	1995/06/26	6057	732	684	340	36	33
배휴준	29	1966/09/25	49	2005/07/01	3146	233	265	318	30	25
브라이	55	1958/04/13	58	2016/03/16	36	6	4	36	6	4
서범석	12	1964/07/26	52	1999/07/01	3780	345	349	179	14	18
서인석	33	1968/11/20	47	2010/12/09	2024	187	199	465	42	44
서정하	43	1958/12/22	57	2004/09/01	2142	140	178	161	6	13
서홍수	24	1964/01/04	52	2008/09/24	1262	100	106	172	14	12
손영표	02	1966/11/14	49	2006/07/27	2140	192	184	230	14	15
송문길	40	1971/03/22	45	2013/07/01	597	74	70	244	36	40
신삼영	41	1963/11/06	52	2010/07/01	1116	114	99	198	18	25
심승태	37	1978/02/14	38	2012/05/04	902	80	99	277	27	30
안병기	22	1966/01/20	50	2008/07/01	2156	207	196	76	7	5
안해양	26	1961/07/24	55	1999/08/26	3399	336	288	179	8	10
양재철	46	1955/02/26	61	1986/07/30	6681	532	578	156	10	9
양희진	11	1976/02/01	40	2012/11/01	608	46	42	205	16	10
우창구	05	1963/04/28	53	2008/07/01	2006	208	164	283	30	28
유재길	23	1961/07/16	55	2000/04/07	4507	368	394	258	15	14
이관호	42	1966/08/21	49	2013/11/01	499	60	36	203	32	15
이신영	14	1980/04/12	36	2011/07/01	1202	184	105	283	34	28
이희영	13	1960/08/16	56	1986/12/04	7356	592	653	197	18	27
임봉춘	21	1959/04/14	57	2002/08/22	3566	272	287	313	23	29
정지은	30	1954/07/19	62	1982/09/24	8182	728	830	198	14	11
정호익	10	1965/03/08	51	2006/03/04	3153	287	332	327	32	25
지용철	49	1959/06/27	57	1986/11/20	10443	798	927	332	13	25
지용훈	09	1955/10/25	60	1987/06/26	8815	764	818	296	30	34
최봉주	16	1962/11/19	53	2007/03/08	1675	135	138	202	14	11
최상식	28	1960/02/25	56	1993/07/13	5222	387	427	183	8	10
최영주	03	1966/09/03	49	1997/11/19	4037	301	310	175	10	8
최용구	08	1965/10/08	50	2012/07/01	634	101	69	189	28	15
하재흥	35	1955/03/06	61	1983/06/05	9905	891	959	299	26	25
허재영	39	1977/08/15	39	2012/07/01	777	43	54	234	15	23
홍대유	06	1963/01/15	53	2006/07/01	2381	214	180	228	20	7
황영원	47	1967/09/06	48	2010/07/01	1060	66	76	209	9	12