곽영효	19	1961/09/24	55	1997/05/28	3911	439	397	140	13	12
구자흥	07	1963/08/07	53	2010/04/05	1117	109	129	183	19	25
김대근	48	1957/08/19	59	1986/07/30	7361	697	754	269	37	31
김동균	52	1975/08/24	41	2012/07/01	1164	94	95	337	20	24
김동철	53	1974/11/28	42	2016/03/16	136	5	12	136	5	12
김순근	45	1957/05/05	59	2002/06/01	3939	272	334	236	17	25
김양선	36	1955/03/01	61	1983/06/05	8844	898	899	221	20	24
김윤섭	32	1968/09/20	48	1998/07/02	4300	279	366	162	7	15
김점오	17	1959/05/20	57	1987/07/10	7731	722	729	241	29	24
김학수	44	1960/08/02	56	2004/04/07	2240	232	201	134	15	14
박대흥	18	1958/08/07	58	1997/05/28	5437	734	591	291	48	24
박병일	27	1964/04/26	52	2011/07/15	699	46	59	158	9	21
박윤규	04	1966/09/26	50	2004/07/01	2916	236	253	258	21	33
박재우	50	1970/01/02	47	2011/01/26	1348	174	142	271	38	39
박종곤	01	1962/08/26	54	1997/09/04	3493	306	312	175	33	19
박천서	54	1963/06/08	53	2003/03/05	3409	350	331	211	22	20
박흥진	38	1956/03/20	60	1984/01/01	8088	695	706	159	4	8
박희철	15	1961/06/26	55	2002/07/01	3968	342	363	270	19	20
배대선	20	1960/04/02	56	1995/06/26	6247	747	701	370	30	32
배휴준	29	1966/09/25	50	2005/07/01	3273	241	278	304	21	27
브라이	55	1958/04/13	58	2016/03/16	103	19	16	103	19	16
서범석	12	1964/07/26	52	1999/07/01	3862	352	355	185	14	13
서인석	33	1968/11/20	48	2010/12/09	2229	203	226	442	40	52
서정하	43	1958/12/22	58	2004/09/01	2228	144	182	169	7	11
서홍수	24	1964/01/04	53	2008/09/24	1338	103	109	172	11	8
손영표	02	1966/11/14	50	2006/07/27	2216	200	188	196	13	12
송문길	40	1971/03/22	45	2013/07/01	739	97	85	274	45	39
신삼영	41	1963/11/06	53	2010/07/01	1219	126	110	209	23	22
심승태	37	1978/02/14	38	2012/05/04	1053	93	112	290	29	26
안병기	22	1966/01/20	51	2008/07/01	2334	222	214	254	22	23
안해양	26	1961/07/24	55	1999/08/26	3475	338	290	152	4	9
양재철	46	1955/02/26	61	1986/07/30	6741	538	583	138	11	10
양희진	11	1976/02/01	41	2012/11/01	671	50	43	162	14	6
우창구	05	1963/04/28	53	2008/07/01	2127	219	181	270	29	31
유재길	23	1961/07/16	55	2000/04/07	4633	377	399	252	18	13
이관호	42	1966/08/21	50	2013/11/01	616	79	46	226	36	20
이신영	14	1980/04/12	36	2011/07/01	1351	201	114	295	35	22
이희영	13	1960/08/16	56	1986/12/04	7450	601	659	201	16	18
임봉춘	21	1959/04/14	57	2002/08/22	3722	283	307	321	26	41
정지은	30	1954/07/19	62	1982/09/24	8272	737	842	185	14	15
정호익	10	1965/03/08	51	2006/03/04	3312	309	348	317	38	31
지용철	49	1959/06/27	57	1986/11/20	10610	816	935	342	26	24
지용훈	09	1955/10/25	61	1987/06/26	8940	770	825	279	16	28
최봉주	16	1962/11/19	54	2007/03/08	1770	147	147	199	19	17
최상식	28	1960/02/25	56	1993/07/13	5307	395	435	173	14	14
최영주	03	1966/09/03	50	1997/11/19	4117	306	322	167	10	17
최용구	08	1965/10/08	51	2012/07/01	725	107	79	188	16	16
하재흥	35	1955/03/06	61	1983/06/05	10081	907	971	333	32	27
허재영	39	1977/08/15	39	2012/07/01	845	45	58	181	9	11
홍대유	06	1963/01/15	54	2006/07/01	2500	226	190	242	23	13
황영원	47	1967/09/06	49	2010/07/01	1146	71	79	202	10	12