강명준	25	1964/11/10	51	2003/06/18	2094	151	145	144	3	8
곽영효	19	1961/09/24	54	1997/05/28	3794	426	385	127	9	14
구자흥	07	1963/08/07	52	2010/04/05	969	93	108	197	22	21
김대근	48	1957/08/19	58	1986/07/30	7139	662	727	239	23	27
김동균	52	1975/08/24	40	2012/07/01	884	76	74	294	19	22
김동철	53	1974/11/28	41	2016/03/16	0	0	0	0	0	0
김순근	45	1957/05/05	58	2002/06/01	3744	258	313	322	27	22
김양선	36	1955/03/01	61	1983/06/05	8665	883	880	246	25	21
김윤섭	32	1968/09/20	47	1998/07/02	4168	274	357	210	11	18
김점오	17	1959/05/20	56	1987/07/10	7532	700	713	247	23	34
김학수	44	1960/08/02	55	2004/04/07	2135	219	188	230	8	20
김호	51	1968/03/23	48	2006/12/14	2847	322	299	410	47	50
김효섭	31	1965/11/04	50	2009/07/01	1480	168	160	303	36	40
박대흥	18	1958/08/07	57	1997/05/28	5196	695	569	292	37	35
박병일	27	1964/04/26	51	2011/07/15	561	37	41	130	5	8
박윤규	04	1966/09/26	49	2004/07/01	2701	217	226	262	16	21
박재우	50	1970/01/02	46	2011/01/26	1117	141	111	276	40	28
박종곤	01	1962/08/26	53	1997/09/04	3345	277	297	188	24	21
박천서	54	1963/06/08	52	2003/03/05	3234	333	317	257	28	30
박흥진	38	1956/03/20	60	1984/01/01	7957	691	698	153	6	6
박희철	15	1961/06/26	54	2002/07/01	3743	327	345	282	24	19
배대선	20	1960/04/02	56	1995/06/26	5927	723	670	341	43	27
배휴준	29	1966/09/25	49	2005/07/01	3020	223	253	283	27	19
브라이	55	1958/04/13	57	2016/03/16	0	0	0	0	0	0
서범석	12	1964/07/26	51	1999/07/01	3706	341	343	164	11	17
서인석	33	1968/11/20	47	2010/12/09	1865	174	179	464	47	37
서정하	43	1958/12/22	57	2004/09/01	2078	138	172	169	11	13
서홍수	24	1964/01/04	52	2008/09/24	1202	95	103	162	14	15
손영표	02	1966/11/14	49	2006/07/27	2061	188	180	231	19	15
송문길	40	1971/03/22	45	2013/07/01	510	61	55	238	32	29
신삼영	41	1963/11/06	52	2010/07/01	1048	107	92	207	18	25
신우철	34	1952/08/12	63	1983/06/05	8677	1148	988	153	12	12
심승태	37	1978/02/14	38	2012/05/04	801	68	89	274	25	37
안병기	22	1966/01/20	50	2008/07/01	2080	200	191	20	0	3
안해양	26	1961/07/24	54	1999/08/26	3350	335	284	218	13	12
양재철	46	1955/02/26	61	1986/07/30	6631	529	573	175	9	9
양희진	11	1976/02/01	40	2012/11/01	547	42	40	213	15	18
우창구	05	1963/04/28	52	2008/07/01	1905	195	154	287	26	30
유재길	23	1961/07/16	54	2000/04/07	4427	361	388	278	12	12
이관호	42	1966/08/21	49	2013/11/01	427	46	29	192	22	13
이신영	14	1980/04/12	35	2011/07/01	1100	172	97	285	46	26
이희영	13	1960/08/16	55	1986/12/04	7285	586	644	200	23	24
임봉춘	21	1959/04/14	56	2002/08/22	3443	259	268	318	14	17
정지은	30	1954/07/19	61	1982/09/24	8119	724	827	199	15	13
정호익	10	1965/03/08	51	2006/03/04	3048	276	322	352	36	34
지용철	49	1959/06/27	56	1986/11/20	10332	793	920	343	12	26
지용훈	09	1955/10/25	60	1987/06/26	8718	758	806	313	38	35
최봉주	16	1962/11/19	53	2007/03/08	1609	128	132	221	10	9
최상식	28	1960/02/25	56	1993/07/13	5165	383	424	201	6	14
최영주	03	1966/09/03	49	1997/11/19	3981	300	307	180	12	7
최용구	08	1965/10/08	50	2012/07/01	573	94	65	207	35	21
하재흥	35	1955/03/06	61	1983/06/05	9799	879	950	285	21	21
허재영	39	1977/08/15	38	2012/07/01	707	40	48	266	18	24
홍대유	06	1963/01/15	53	2006/07/01	2301	206	178	224	16	10
황영원	47	1967/09/06	48	2010/07/01	987	63	70	201	9	13