곽영효	19	1961/09/24	54	1997/05/28	3837	434	391	132	17	17
구자흥	07	1963/08/07	52	2010/04/05	1019	99	116	180	20	23
김대근	48	1957/08/19	58	1986/07/30	7211	674	736	240	33	27
김동균	52	1975/08/24	40	2012/07/01	996	84	82	319	20	25
김동철	53	1974/11/28	41	2016/03/16	56	0	6	56	0	6
김순근	45	1957/05/05	59	2002/06/01	3814	263	320	272	20	24
김양선	36	1955/03/01	61	1983/06/05	8734	888	889	242	23	26
김윤섭	32	1968/09/20	47	1998/07/02	4214	275	362	192	10	20
김점오	17	1959/05/20	57	1987/07/10	7593	711	719	234	29	31
김학수	44	1960/08/02	55	2004/04/07	2179	226	197	192	13	18
김호	51	1968/03/23	48	2006/12/14	2861	322	301	279	25	35
김효섭	31	1965/11/04	50	2009/07/01	1491	170	162	209	19	24
박대흥	18	1958/08/07	57	1997/05/28	5276	711	574	283	42	23
박병일	27	1964/04/26	52	2011/07/15	623	42	48	152	9	14
박윤규	04	1966/09/26	49	2004/07/01	2773	223	232	255	18	23
박재우	50	1970/01/02	46	2011/01/26	1187	157	122	252	44	29
박종곤	01	1962/08/26	53	1997/09/04	3397	289	303	184	28	24
박천서	54	1963/06/08	53	2003/03/05	3295	338	321	240	24	25
박흥진	38	1956/03/20	60	1984/01/01	8003	693	703	149	6	6
박희철	15	1961/06/26	55	2002/07/01	3817	335	354	263	23	22
배대선	20	1960/04/02	56	1995/06/26	6042	732	683	340	37	34
배휴준	29	1966/09/25	49	2005/07/01	3130	232	262	312	29	25
브라이	55	1958/04/13	58	2016/03/16	27	4	3	27	4	3
서범석	12	1964/07/26	52	1999/07/01	3767	345	349	173	14	18
서인석	33	1968/11/20	47	2010/12/09	2007	185	196	468	44	41
서정하	43	1958/12/22	57	2004/09/01	2129	140	176	155	6	11
서홍수	24	1964/01/04	52	2008/09/24	1249	100	106	166	16	13
손영표	02	1966/11/14	49	2006/07/27	2130	191	183	229	14	15
송문길	40	1971/03/22	45	2013/07/01	588	73	70	246	36	40
신삼영	41	1963/11/06	52	2010/07/01	1112	114	99	205	18	26
심승태	37	1978/02/14	38	2012/05/04	886	80	99	273	30	33
안병기	22	1966/01/20	50	2008/07/01	2142	205	196	62	5	5
안해양	26	1961/07/24	55	1999/08/26	3392	336	288	180	8	12
양재철	46	1955/02/26	61	1986/07/30	6674	532	578	156	11	9
양희진	11	1976/02/01	40	2012/11/01	600	46	41	205	16	12
우창구	05	1963/04/28	53	2008/07/01	1994	207	163	286	30	29
유재길	23	1961/07/16	55	2000/04/07	4496	368	393	261	16	13
이관호	42	1966/08/21	49	2013/11/01	486	58	35	196	30	14
이신영	14	1980/04/12	36	2011/07/01	1186	182	105	276	35	30
이희영	13	1960/08/16	55	1986/12/04	7344	589	653	192	15	27
임봉춘	21	1959/04/14	57	2002/08/22	3551	271	282	313	23	24
정지은	30	1954/07/19	62	1982/09/24	8172	725	828	195	11	9
정호익	10	1965/03/08	51	2006/03/04	3136	285	329	331	36	26
지용철	49	1959/06/27	57	1986/11/20	10427	797	925	332	12	23
지용훈	09	1955/10/25	60	1987/06/26	8801	763	817	292	32	34
최봉주	16	1962/11/19	53	2007/03/08	1666	133	136	202	13	9
최상식	28	1960/02/25	56	1993/07/13	5217	387	426	186	8	10
최영주	03	1966/09/03	49	1997/11/19	4029	301	309	172	10	7
최용구	08	1965/10/08	50	2012/07/01	622	101	68	185	28	16
하재흥	35	1955/03/06	61	1983/06/05	9890	891	958	295	27	24
허재영	39	1977/08/15	38	2012/07/01	767	43	54	238	15	24
홍대유	06	1963/01/15	53	2006/07/01	2369	211	179	227	18	6
황영원	47	1967/09/06	48	2010/07/01	1050	66	76	206	9	13