곽영효	19	1961/09/24	55	1997/05/28	3890	438	396	134	14	14
구자흥	07	1963/08/07	53	2010/04/05	1088	107	123	186	22	24
김대근	48	1957/08/19	59	1986/07/30	7319	693	750	270	42	30
김동균	52	1975/08/24	41	2012/07/01	1114	92	94	338	21	27
김동철	53	1974/11/28	42	2016/03/16	109	3	9	109	3	9
김순근	45	1957/05/05	59	2002/06/01	3905	271	331	255	21	24
김양선	36	1955/03/01	61	1983/06/05	8811	894	897	231	19	27
김윤섭	32	1968/09/20	48	1998/07/02	4274	278	365	168	8	18
김점오	17	1959/05/20	57	1987/07/10	7690	720	728	246	30	30
김학수	44	1960/08/02	56	2004/04/07	2227	230	201	157	14	16
박대흥	18	1958/08/07	58	1997/05/28	5386	725	584	283	43	22
박병일	27	1964/04/26	52	2011/07/15	675	44	58	156	9	23
박윤규	04	1966/09/26	50	2004/07/01	2872	231	246	250	17	30
박재우	50	1970/01/02	46	2011/01/26	1294	171	133	259	42	33
박종곤	01	1962/08/26	54	1997/09/04	3465	303	310	173	35	20
박천서	54	1963/06/08	53	2003/03/05	3372	346	328	212	22	19
박흥진	38	1956/03/20	60	1984/01/01	8057	693	705	154	2	8
박희철	15	1961/06/26	55	2002/07/01	3921	339	360	273	17	20
배대선	20	1960/04/02	56	1995/06/26	6187	744	697	355	33	33
배휴준	29	1966/09/25	50	2005/07/01	3228	239	276	305	23	29
브라이	55	1958/04/13	58	2016/03/16	79	13	13	79	13	13
서범석	12	1964/07/26	52	1999/07/01	3833	348	353	182	13	16
서인석	33	1968/11/20	48	2010/12/09	2150	193	214	442	38	48
서정하	43	1958/12/22	57	2004/09/01	2198	144	179	160	9	8
서홍수	24	1964/01/04	52	2008/09/24	1316	102	107	179	13	8
손영표	02	1966/11/14	50	2006/07/27	2191	199	187	214	14	12
송문길	40	1971/03/22	45	2013/07/01	688	87	80	261	38	41
신삼영	41	1963/11/06	53	2010/07/01	1187	121	110	209	19	29
심승태	37	1978/02/14	38	2012/05/04	1006	87	105	289	25	23
안병기	22	1966/01/20	50	2008/07/01	2269	214	207	189	14	16
안해양	26	1961/07/24	55	1999/08/26	3448	337	289	157	7	10
양재철	46	1955/02/26	61	1986/07/30	6720	536	581	143	11	9
양희진	11	1976/02/01	40	2012/11/01	646	49	42	171	16	6
우창구	05	1963/04/28	53	2008/07/01	2087	218	177	281	30	31
유재길	23	1961/07/16	55	2000/04/07	4593	372	397	258	15	13
이관호	42	1966/08/21	50	2013/11/01	574	74	43	211	33	19
이신영	14	1980/04/12	36	2011/07/01	1294	195	110	290	33	22
이희영	13	1960/08/16	56	1986/12/04	7421	599	657	199	18	18
임봉춘	21	1959/04/14	57	2002/08/22	3665	276	301	317	21	38
정지은	30	1954/07/19	62	1982/09/24	8245	734	837	193	15	12
정호익	10	1965/03/08	51	2006/03/04	3254	302	341	315	37	28
지용철	49	1959/06/27	57	1986/11/20	10550	809	931	334	23	24
지용훈	09	1955/10/25	61	1987/06/26	8902	770	823	291	21	27
최봉주	16	1962/11/19	54	2007/03/08	1737	147	143	205	23	14
최상식	28	1960/02/25	56	1993/07/13	5276	390	430	176	11	10
최영주	03	1966/09/03	50	1997/11/19	4086	304	320	170	10	15
최용구	08	1965/10/08	51	2012/07/01	696	106	76	189	21	15
하재흥	35	1955/03/06	61	1983/06/05	10022	905	967	327	34	28
허재영	39	1977/08/15	39	2012/07/01	823	45	57	203	12	14
홍대유	06	1963/01/15	53	2006/07/01	2456	223	187	236	24	11
황영원	47	1967/09/06	49	2010/07/01	1120	68	77	212	8	13