곽영효	19	1961/09/24	55	1997/05/28	3874	438	394	134	17	13
구자흥	07	1963/08/07	53	2010/04/05	1072	106	119	190	24	22
김대근	48	1957/08/19	59	1986/07/30	7292	689	747	273	42	32
김동균	52	1975/08/24	41	2012/07/01	1086	91	93	338	22	28
김동철	53	1974/11/28	41	2016/03/16	95	2	8	95	2	8
김순근	45	1957/05/05	59	2002/06/01	3880	269	330	265	19	27
김양선	36	1955/03/01	61	1983/06/05	8788	890	894	236	19	26
김윤섭	32	1968/09/20	48	1998/07/02	4253	276	363	176	9	18
김점오	17	1959/05/20	57	1987/07/10	7667	719	725	251	32	28
김학수	44	1960/08/02	56	2004/04/07	2214	230	200	166	16	17
김호	51	1968/03/23	48	2006/12/14	2861	322	301	173	15	21
김효섭	31	1965/11/04	50	2009/07/01	1491	170	162	142	12	17
박대흥	18	1958/08/07	58	1997/05/28	5357	721	582	283	41	21
박병일	27	1964/04/26	52	2011/07/15	661	43	55	157	10	20
박윤규	04	1966/09/26	50	2004/07/01	2843	227	246	254	16	33
박재우	50	1970/01/02	46	2011/01/26	1263	166	131	259	42	32
박종곤	01	1962/08/26	54	1997/09/04	3443	300	308	168	34	19
박천서	54	1963/06/08	53	2003/03/05	3347	344	325	217	22	21
박흥진	38	1956/03/20	60	1984/01/01	8042	693	705	156	2	8
박희철	15	1961/06/26	55	2002/07/01	3893	339	357	272	20	19
배대선	20	1960/04/02	56	1995/06/26	6144	737	693	347	29	35
배휴준	29	1966/09/25	50	2005/07/01	3203	237	273	306	24	27
브라이	55	1958/04/13	58	2016/03/16	63	12	9	63	12	9
서범석	12	1964/07/26	52	1999/07/01	3815	348	351	183	14	18
서인석	33	1968/11/20	47	2010/12/09	2109	189	204	454	40	44
서정하	43	1958/12/22	57	2004/09/01	2179	144	178	155	10	10
서홍수	24	1964/01/04	52	2008/09/24	1298	101	107	179	13	10
손영표	02	1966/11/14	49	2006/07/27	2171	196	187	219	13	12
송문길	40	1971/03/22	45	2013/07/01	658	84	75	262	40	42
신삼영	41	1963/11/06	52	2010/07/01	1162	118	107	205	17	29
심승태	37	1978/02/14	38	2012/05/04	965	83	103	279	24	24
안병기	22	1966/01/20	50	2008/07/01	2231	210	205	151	10	14
안해양	26	1961/07/24	55	1999/08/26	3433	336	288	167	6	9
양재철	46	1955/02/26	61	1986/07/30	6707	534	580	151	10	10
양희진	11	1976/02/01	40	2012/11/01	634	47	42	183	15	8
우창구	05	1963/04/28	53	2008/07/01	2061	214	174	281	28	34
유재길	23	1961/07/16	55	2000/04/07	4565	370	396	255	15	12
이관호	42	1966/08/21	50	2013/11/01	549	70	40	208	35	17
이신영	14	1980/04/12	36	2011/07/01	1263	191	110	293	33	24
이희영	13	1960/08/16	56	1986/12/04	7397	598	655	193	18	19
임봉춘	21	1959/04/14	57	2002/08/22	3635	275	297	319	22	36
정지은	30	1954/07/19	62	1982/09/24	8223	732	834	193	16	10
정호익	10	1965/03/08	51	2006/03/04	3221	296	336	318	33	24
지용철	49	1959/06/27	57	1986/11/20	10514	803	928	335	17	24
지용훈	09	1955/10/25	61	1987/06/26	8873	768	823	292	24	31
최봉주	16	1962/11/19	53	2007/03/08	1714	145	139	201	22	11
최상식	28	1960/02/25	56	1993/07/13	5257	389	430	180	10	11
최영주	03	1966/09/03	50	1997/11/19	4068	302	315	177	10	12
최용구	08	1965/10/08	51	2012/07/01	676	105	75	186	23	17
하재흥	35	1955/03/06	61	1983/06/05	9981	902	967	319	34	29
허재영	39	1977/08/15	39	2012/07/01	809	45	57	212	13	18
홍대유	06	1963/01/15	53	2006/07/01	2430	222	182	235	26	7
황영원	47	1967/09/06	49	2010/07/01	1104	68	76	216	8	12