곽영효	19	1961/09/24	55	1997/05/28	3925	440	398	142	14	13
구자흥	07	1963/08/07	53	2010/04/05	1137	111	133	185	20	27
김대근	48	1957/08/19	59	1986/07/30	7379	697	759	264	36	33
김동균	52	1975/08/24	41	2012/07/01	1191	100	96	334	26	22
김동철	53	1974/11/28	42	2016/03/16	156	5	15	156	5	15
김순근	45	1957/05/05	59	2002/06/01	3960	273	335	235	16	24
김양선	36	1955/03/01	62	1983/06/05	8858	901	901	214	21	24
김윤섭	32	1968/09/20	48	1998/07/02	4317	280	368	162	6	14
김점오	17	1959/05/20	57	1987/07/10	7748	724	729	232	28	19
김학수	44	1960/08/02	56	2004/04/07	2247	233	201	126	14	14
박대흥	18	1958/08/07	58	1997/05/28	5463	737	596	292	47	27
박병일	27	1964/04/26	52	2011/07/15	717	47	59	165	10	19
박윤규	04	1966/09/26	50	2004/07/01	2939	239	258	258	22	35
박재우	50	1970/01/02	47	2011/01/26	1377	176	145	279	36	36
박종곤	01	1962/08/26	54	1997/09/04	3517	307	313	185	31	18
박천서	54	1963/06/08	53	2003/03/05	3425	352	333	210	21	20
박흥진	38	1956/03/20	60	1984/01/01	8101	695	706	156	4	8
박희철	15	1961/06/26	55	2002/07/01	3996	344	363	275	19	19
배대선	20	1960/04/02	56	1995/06/26	6275	749	701	370	29	31
배휴준	29	1966/09/25	50	2005/07/01	3295	243	279	300	22	27
브라이	55	1958/04/13	58	2016/03/16	112	21	17	112	21	17
서범석	12	1964/07/26	52	1999/07/01	3876	352	357	184	13	15
서인석	33	1968/11/20	48	2010/12/09	2271	207	229	448	40	51
서정하	43	1958/12/22	58	2004/09/01	2243	144	183	175	6	11
서홍수	24	1964/01/04	53	2008/09/24	1351	103	110	167	9	9
손영표	02	1966/11/14	50	2006/07/27	2225	200	188	186	13	9
송문길	40	1971/03/22	45	2013/07/01	771	103	87	284	48	35
신삼영	41	1963/11/06	53	2010/07/01	1240	127	113	210	23	23
심승태	37	1978/02/14	39	2012/05/04	1080	95	113	295	28	26
안병기	22	1966/01/20	51	2008/07/01	2364	227	219	284	27	28
안해양	26	1961/07/24	55	1999/08/26	3489	340	291	155	5	10
양재철	46	1955/02/26	62	1986/07/30	6752	538	585	135	11	12
양희진	11	1976/02/01	41	2012/11/01	684	50	44	155	10	6
우창구	05	1963/04/28	53	2008/07/01	2151	224	183	270	33	31
유재길	23	1961/07/16	55	2000/04/07	4657	378	400	250	17	14
이관호	42	1966/08/21	50	2013/11/01	642	81	49	229	37	21
이신영	14	1980/04/12	36	2011/07/01	1376	207	116	302	39	22
이희영	13	1960/08/16	56	1986/12/04	7470	602	661	206	16	19
임봉춘	21	1959/04/14	57	2002/08/22	3749	284	309	330	26	42
정지은	30	1954/07/19	62	1982/09/24	8284	738	842	182	15	15
정호익	10	1965/03/08	52	2006/03/04	3337	311	352	318	39	33
지용철	49	1959/06/27	57	1986/11/20	10636	821	939	332	30	23
지용훈	09	1955/10/25	61	1987/06/26	8967	771	827	276	16	26
최봉주	16	1962/11/19	54	2007/03/08	1794	148	150	206	20	18
최상식	28	1960/02/25	57	1993/07/13	5319	396	435	170	13	14
최영주	03	1966/09/03	50	1997/11/19	4127	308	323	161	10	17
최용구	08	1965/10/08	51	2012/07/01	739	108	79	178	15	15
하재흥	35	1955/03/06	62	1983/06/05	10117	911	972	342	34	26
허재영	39	1977/08/15	39	2012/07/01	856	45	58	170	7	10
홍대유	06	1963/01/15	54	2006/07/01	2526	226	195	246	21	17
황영원	47	1967/09/06	49	2010/07/01	1146	71	79	180	9	12