곽영효	19	1961/09/24	54	1997/05/28	3830	434	391	133	17	18
구자흥	07	1963/08/07	52	2010/04/05	1011	99	114	183	21	22
김대근	48	1957/08/19	58	1986/07/30	7199	672	735	242	31	28
김동균	52	1975/08/24	40	2012/07/01	973	83	81	313	19	26
김동철	53	1974/11/28	41	2016/03/16	48	0	6	48	0	6
김순근	45	1957/05/05	59	2002/06/01	3803	262	320	280	21	24
김양선	36	1955/03/01	61	1983/06/05	8720	888	887	241	25	25
김윤섭	32	1968/09/20	47	1998/07/02	4206	275	362	197	10	20
김점오	17	1959/05/20	57	1987/07/10	7582	707	719	236	26	33
김학수	44	1960/08/02	55	2004/04/07	2170	225	194	203	13	21
김호	51	1968/03/23	48	2006/12/14	2861	322	301	304	27	39
김효섭	31	1965/11/04	50	2009/07/01	1491	170	162	230	22	27
박대흥	18	1958/08/07	57	1997/05/28	5261	706	573	286	41	26
박병일	27	1964/04/26	52	2011/07/15	616	41	46	155	9	12
박윤규	04	1966/09/26	49	2004/07/01	2759	220	232	256	15	23
박재우	50	1970/01/02	46	2011/01/26	1172	155	119	256	45	28
박종곤	01	1962/08/26	53	1997/09/04	3386	285	302	185	24	23
박천서	54	1963/06/08	53	2003/03/05	3283	338	319	245	26	26
박흥진	38	1956/03/20	60	1984/01/01	7997	693	702	153	6	7
박희철	15	1961/06/26	55	2002/07/01	3801	334	352	265	25	20
배대선	20	1960/04/02	56	1995/06/26	6024	730	681	346	37	33
배휴준	29	1966/09/25	49	2005/07/01	3112	232	260	315	33	24
브라이	55	1958/04/13	58	2016/03/16	19	4	2	19	4	2
서범석	12	1964/07/26	51	1999/07/01	3756	344	348	171	13	17
서인석	33	1968/11/20	47	2010/12/09	1978	182	191	464	43	38
서정하	43	1958/12/22	57	2004/09/01	2117	140	176	156	7	13
서홍수	24	1964/01/04	52	2008/09/24	1236	100	105	163	16	12
손영표	02	1966/11/14	49	2006/07/27	2116	190	182	226	14	16
송문길	40	1971/03/22	45	2013/07/01	575	70	69	246	33	40
신삼영	41	1963/11/06	52	2010/07/01	1101	110	99	209	17	27
심승태	37	1978/02/14	38	2012/05/04	874	79	98	276	31	34
안병기	22	1966/01/20	50	2008/07/01	2129	205	195	49	5	4
안해양	26	1961/07/24	54	1999/08/26	3384	335	287	187	8	13
양재철	46	1955/02/26	61	1986/07/30	6665	532	576	156	12	8
양희진	11	1976/02/01	40	2012/11/01	592	46	41	210	17	12
우창구	05	1963/04/28	53	2008/07/01	1978	205	162	288	31	28
유재길	23	1961/07/16	54	2000/04/07	4487	368	393	264	17	13
이관호	42	1966/08/21	49	2013/11/01	477	56	35	200	29	15
이신영	14	1980/04/12	36	2011/07/01	1170	182	102	279	42	28
이희영	13	1960/08/16	55	1986/12/04	7333	589	653	194	17	29
임봉춘	21	1959/04/14	57	2002/08/22	3525	266	277	305	18	20
정지은	30	1954/07/19	61	1982/09/24	8165	725	827	200	12	9
정호익	10	1965/03/08	51	2006/03/04	3120	281	328	332	34	28
지용철	49	1959/06/27	57	1986/11/20	10413	797	925	337	14	24
지용훈	09	1955/10/25	60	1987/06/26	8786	763	816	299	32	36
최봉주	16	1962/11/19	53	2007/03/08	1656	132	135	205	13	9
최상식	28	1960/02/25	56	1993/07/13	5209	385	426	190	6	11
최영주	03	1966/09/03	49	1997/11/19	4020	301	309	172	10	7
최용구	08	1965/10/08	50	2012/07/01	612	100	66	187	29	15
하재흥	35	1955/03/06	61	1983/06/05	9875	888	957	295	25	23
허재영	39	1977/08/15	38	2012/07/01	757	42	49	243	17	19
홍대유	06	1963/01/15	53	2006/07/01	2359	210	179	228	18	6
황영원	47	1967/09/06	48	2010/07/01	1034	66	74	204	9	15