곽영효	19	1961/09/24	54	1997/05/28	3832	434	391	133	17	17
구자흥	07	1963/08/07	52	2010/04/05	1013	99	114	181	21	21
김대근	48	1957/08/19	58	1986/07/30	7203	674	735	242	33	28
김동균	52	1975/08/24	40	2012/07/01	981	84	81	316	20	25
김동철	53	1974/11/28	41	2016/03/16	53	0	6	53	0	6
김순근	45	1957/05/05	59	2002/06/01	3806	262	320	275	20	24
김양선	36	1955/03/01	61	1983/06/05	8723	888	888	239	25	26
김윤섭	32	1968/09/20	47	1998/07/02	4210	275	362	196	10	20
김점오	17	1959/05/20	57	1987/07/10	7585	708	719	232	26	32
김학수	44	1960/08/02	55	2004/04/07	2170	225	194	200	13	20
김호	51	1968/03/23	48	2006/12/14	2861	322	301	294	27	35
김효섭	31	1965/11/04	50	2009/07/01	1491	170	162	224	21	26
박대흥	18	1958/08/07	57	1997/05/28	5265	707	573	284	41	24
박병일	27	1964/04/26	52	2011/07/15	619	42	47	157	9	13
박윤규	04	1966/09/26	49	2004/07/01	2762	220	232	256	15	23
박재우	50	1970/01/02	46	2011/01/26	1176	156	119	253	46	27
박종곤	01	1962/08/26	53	1997/09/04	3389	285	303	183	24	24
박천서	54	1963/06/08	53	2003/03/05	3286	338	321	245	26	28
박흥진	38	1956/03/20	60	1984/01/01	7998	693	702	151	6	6
박희철	15	1961/06/26	55	2002/07/01	3806	334	353	266	25	21
배대선	20	1960/04/02	56	1995/06/26	6032	730	683	347	36	35
배휴준	29	1966/09/25	49	2005/07/01	3117	232	260	316	32	23
브라이	55	1958/04/13	58	2016/03/16	20	4	3	20	4	3
서범석	12	1964/07/26	51	1999/07/01	3759	344	348	170	13	17
서인석	33	1968/11/20	47	2010/12/09	1989	183	193	469	43	40
서정하	43	1958/12/22	57	2004/09/01	2120	140	176	155	6	13
서홍수	24	1964/01/04	52	2008/09/24	1239	100	105	164	16	12
손영표	02	1966/11/14	49	2006/07/27	2118	190	182	224	13	14
송문길	40	1971/03/22	45	2013/07/01	577	71	69	245	34	40
신삼영	41	1963/11/06	52	2010/07/01	1105	112	99	209	18	27
심승태	37	1978/02/14	38	2012/05/04	879	80	99	276	32	35
안병기	22	1966/01/20	50	2008/07/01	2132	205	195	52	5	4
안해양	26	1961/07/24	54	1999/08/26	3386	335	287	184	7	12
양재철	46	1955/02/26	61	1986/07/30	6669	532	577	156	11	8
양희진	11	1976/02/01	40	2012/11/01	595	46	41	211	17	12
우창구	05	1963/04/28	53	2008/07/01	1983	205	162	288	29	28
유재길	23	1961/07/16	54	2000/04/07	4490	368	393	265	17	13
이관호	42	1966/08/21	49	2013/11/01	480	56	35	198	29	14
이신영	14	1980/04/12	36	2011/07/01	1177	182	103	281	39	29
이희영	13	1960/08/16	55	1986/12/04	7337	589	653	195	16	29
임봉춘	21	1959/04/14	57	2002/08/22	3532	268	278	307	20	21
정지은	30	1954/07/19	61	1982/09/24	8166	725	828	197	12	10
정호익	10	1965/03/08	51	2006/03/04	3125	283	329	329	35	28
지용철	49	1959/06/27	57	1986/11/20	10418	797	925	337	13	24
지용훈	09	1955/10/25	60	1987/06/26	8793	763	816	302	32	35
최봉주	16	1962/11/19	53	2007/03/08	1660	132	136	205	13	10
최상식	28	1960/02/25	56	1993/07/13	5211	387	426	189	8	11
최영주	03	1966/09/03	49	1997/11/19	4022	301	309	174	10	7
최용구	08	1965/10/08	50	2012/07/01	613	100	66	184	29	15
하재흥	35	1955/03/06	61	1983/06/05	9879	889	958	291	25	24
허재영	39	1977/08/15	38	2012/07/01	760	42	50	241	16	20
홍대유	06	1963/01/15	53	2006/07/01	2362	211	179	226	19	6
황영원	47	1967/09/06	48	2010/07/01	1038	66	74	207	9	15