곽영효	19	1961/09/24	54	1997/05/28	3851	437	391	133	19	12
구자흥	07	1963/08/07	53	2010/04/05	1041	101	118	184	22	24
김대근	48	1957/08/19	59	1986/07/30	7245	680	741	255	37	31
김동균	52	1975/08/24	41	2012/07/01	1032	86	86	322	21	24
김동철	53	1974/11/28	41	2016/03/16	69	1	7	69	1	7
김순근	45	1957/05/05	59	2002/06/01	3843	267	324	269	19	27
김양선	36	1955/03/01	61	1983/06/05	8758	889	892	242	22	26
김윤섭	32	1968/09/20	47	1998/07/02	4234	275	362	184	8	18
김점오	17	1959/05/20	57	1987/07/10	7623	714	721	240	29	29
김학수	44	1960/08/02	56	2004/04/07	2194	229	198	180	16	18
김호	51	1968/03/23	48	2006/12/14	2861	322	301	231	21	32
김효섭	31	1965/11/04	50	2009/07/01	1491	170	162	182	17	19
마이클	85	1970/01/01	46	2016/08/24	0	0	0	0	0	0
무하이	81	1959/11/11	56	2016/08/24	0	0	0	0	0	0
밀러드	86	1961/11/13	54	2016/08/24	0	0	0	0	0	0
박대흥	18	1958/08/07	58	1997/05/28	5313	714	578	291	40	22
박병일	27	1964/04/26	52	2011/07/15	637	43	52	152	10	18
박윤규	04	1966/09/26	49	2004/07/01	2803	226	236	255	18	26
박재우	50	1970/01/02	46	2011/01/26	1218	160	127	253	41	31
박종곤	01	1962/08/26	54	1997/09/04	3417	296	305	179	31	25
박천서	54	1963/06/08	53	2003/03/05	3320	342	325	238	25	27
박흥진	38	1956/03/20	60	1984/01/01	8019	693	704	154	4	7
박희철	15	1961/06/26	55	2002/07/01	3856	338	355	273	23	22
배대선	20	1960/04/02	56	1995/06/26	6083	732	686	345	33	32
배리	90	1953/04/07	63	2016/08/24	0	0	0	0	0	0
배휴준	29	1966/09/25	49	2005/07/01	3168	234	269	320	30	26
브라이	55	1958/04/13	58	2016/03/16	43	7	5	43	7	5
서범석	12	1964/07/26	52	1999/07/01	3790	345	349	180	12	17
서인석	33	1968/11/20	47	2010/12/09	2050	188	200	460	42	42
서정하	43	1958/12/22	57	2004/09/01	2154	142	178	161	8	13
서홍수	24	1964/01/04	52	2008/09/24	1276	101	106	179	14	11
손영표	02	1966/11/14	49	2006/07/27	2153	193	186	229	15	12
송문길	40	1971/03/22	45	2013/07/01	612	80	70	246	39	39
신삼영	41	1963/11/06	52	2010/07/01	1131	117	102	201	19	26
심승태	37	1978/02/14	38	2012/05/04	919	80	100	275	26	28
안병기	22	1966/01/20	50	2008/07/01	2179	209	199	99	9	8
안해양	26	1961/07/24	55	1999/08/26	3411	336	288	177	7	10
알라이	82	1970/01/01	46	2016/08/24	0	0	0	0	0	0
야스다	83	1953/03/05	63	2016/08/24	0	0	0	0	0	0
양재철	46	1955/02/26	61	1986/07/30	6688	532	579	153	10	10
양희진	11	1976/02/01	40	2012/11/01	616	46	42	195	16	10
오토나	89	1954/06/10	62	2016/08/24	0	0	0	0	0	0
우창구	05	1963/04/28	53	2008/07/01	2024	210	166	287	32	27
유재길	23	1961/07/16	55	2000/04/07	4529	370	394	264	15	12
이관호	42	1966/08/21	50	2013/11/01	515	61	37	206	33	15
이신영	14	1980/04/12	36	2011/07/01	1219	184	108	284	29	29
이희영	13	1960/08/16	56	1986/12/04	7370	594	653	195	18	25
임봉춘	21	1959/04/14	57	2002/08/22	3584	273	291	314	22	32
정지은	30	1954/07/19	62	1982/09/24	8193	731	830	195	17	9
정호익	10	1965/03/08	51	2006/03/04	3174	289	333	323	32	24
지용철	49	1959/06/27	57	1986/11/20	10468	799	928	337	14	26
지용훈	09	1955/10/25	60	1987/06/26	8827	764	819	290	28	33
최봉주	16	1962/11/19	53	2007/03/08	1689	139	139	202	17	12
최상식	28	1960/02/25	56	1993/07/13	5231	387	428	180	8	11
최영주	03	1966/09/03	50	1997/11/19	4049	302	311	181	11	9
최용구	08	1965/10/08	50	2012/07/01	649	102	71	191	25	16
키저	87	1963/07/27	53	2016/08/24	0	0	0	0	0	0
타카노	84	1976/02/04	40	2016/08/24	0	0	0	0	0	0
하재흥	35	1955/03/06	61	1983/06/05	9930	895	960	309	30	25
핼포드	88	1962/06/06	54	2016/08/24	0	0	0	0	0	0
허재영	39	1977/08/15	39	2012/07/01	787	44	56	226	14	22
홍대유	06	1963/01/15	53	2006/07/01	2398	216	181	229	22	8
황영원	47	1967/09/06	49	2010/07/01	1075	66	76	211	7	12