강명준	25	1964/11/10	51	2003/06/18	2096	151	146	142	3	9
곽영효	19	1961/09/24	54	1997/05/28	3800	427	385	128	10	14
구자흥	07	1963/08/07	52	2010/04/05	974	94	108	194	23	20
김대근	48	1957/08/19	58	1986/07/30	7149	666	727	241	27	24
김동균	52	1975/08/24	40	2012/07/01	893	78	76	293	21	23
김동철	53	1974/11/28	41	2016/03/16	1	0	0	1	0	0
김순근	45	1957/05/05	58	2002/06/01	3753	259	313	317	27	22
김양선	36	1955/03/01	61	1983/06/05	8672	883	880	241	24	20
김윤섭	32	1968/09/20	47	1998/07/02	4175	274	360	210	11	19
김점오	17	1959/05/20	56	1987/07/10	7542	700	714	248	23	35
김학수	44	1960/08/02	55	2004/04/07	2139	221	188	229	10	20
김호	51	1968/03/23	48	2006/12/14	2861	322	301	406	44	50
김효섭	31	1965/11/04	50	2009/07/01	1491	170	162	303	37	40
박대흥	18	1958/08/07	57	1997/05/28	5204	696	570	288	37	33
박병일	27	1964/04/26	51	2011/07/15	569	37	41	132	5	8
박윤규	04	1966/09/26	49	2004/07/01	2711	218	226	260	16	20
박재우	50	1970/01/02	46	2011/01/26	1125	142	112	271	39	28
박종곤	01	1962/08/26	53	1997/09/04	3350	277	298	188	23	22
박천서	54	1963/06/08	52	2003/03/05	3243	333	317	254	27	27
박흥진	38	1956/03/20	60	1984/01/01	7962	691	699	148	5	6
박희철	15	1961/06/26	54	2002/07/01	3751	327	346	281	23	19
배대선	20	1960/04/02	56	1995/06/26	5942	724	671	339	40	27
배휴준	29	1966/09/25	49	2005/07/01	3032	224	255	286	27	20
브라이	55	1958/04/13	58	2016/03/16	0	0	0	0	0	0
서범석	12	1964/07/26	51	1999/07/01	3714	342	345	166	12	19
서인석	33	1968/11/20	47	2010/12/09	1881	175	180	465	46	35
서정하	43	1958/12/22	57	2004/09/01	2083	139	172	164	12	12
서홍수	24	1964/01/04	52	2008/09/24	1208	95	103	163	13	14
손영표	02	1966/11/14	49	2006/07/27	2071	189	180	231	19	15
송문길	40	1971/03/22	45	2013/07/01	519	62	58	237	30	31
신삼영	41	1963/11/06	52	2010/07/01	1054	107	93	205	18	26
신우철	34	1952/08/12	63	1983/06/05	8684	1148	988	154	11	11
심승태	37	1978/02/14	38	2012/05/04	808	70	91	272	26	38
안병기	22	1966/01/20	50	2008/07/01	2080	200	191	7	0	1
안해양	26	1961/07/24	54	1999/08/26	3353	335	285	211	10	13
양재철	46	1955/02/26	61	1986/07/30	6634	529	573	168	9	9
양희진	11	1976/02/01	40	2012/11/01	555	42	41	215	15	18
우창구	05	1963/04/28	52	2008/07/01	1914	197	155	285	27	31
유재길	23	1961/07/16	54	2000/04/07	4436	363	388	277	13	12
이관호	42	1966/08/21	49	2013/11/01	434	47	30	194	23	13
이신영	14	1980/04/12	36	2011/07/01	1110	173	100	282	44	29
이희영	13	1960/08/16	55	1986/12/04	7294	587	646	199	24	24
임봉춘	21	1959/04/14	57	2002/08/22	3459	261	270	320	16	18
정지은	30	1954/07/19	61	1982/09/24	8127	724	827	198	14	13
정호익	10	1965/03/08	51	2006/03/04	3059	277	323	351	37	34
지용철	49	1959/06/27	56	1986/11/20	10341	793	921	340	12	27
지용훈	09	1955/10/25	60	1987/06/26	8729	760	806	313	39	35
최봉주	16	1962/11/19	53	2007/03/08	1618	128	132	223	10	9
최상식	28	1960/02/25	56	1993/07/13	5174	383	425	202	5	15
최영주	03	1966/09/03	49	1997/11/19	3988	301	307	180	12	7
최용구	08	1965/10/08	50	2012/07/01	579	96	65	203	36	20
하재흥	35	1955/03/06	61	1983/06/05	9809	881	951	285	22	22
허재영	39	1977/08/15	38	2012/07/01	713	40	48	262	17	22
홍대유	06	1963/01/15	53	2006/07/01	2310	206	178	223	15	10
황영원	47	1967/09/06	48	2010/07/01	994	64	70	204	10	12