곽영효	19	1961/09/24	54	1997/05/28	3840	434	391	133	17	16
구자흥	07	1963/08/07	53	2010/04/05	1025	100	116	181	21	23
김대근	48	1957/08/19	58	1986/07/30	7218	675	737	244	34	28
김동균	52	1975/08/24	40	2012/07/01	1003	85	83	318	21	25
김동철	53	1974/11/28	41	2016/03/16	59	0	6	59	0	6
김순근	45	1957/05/05	59	2002/06/01	3821	264	320	271	19	24
김양선	36	1955/03/01	61	1983/06/05	8739	889	889	243	24	25
김윤섭	32	1968/09/20	47	1998/07/02	4219	275	362	189	9	20
김점오	17	1959/05/20	57	1987/07/10	7600	712	719	240	30	31
김학수	44	1960/08/02	56	2004/04/07	2182	226	197	190	13	18
김호	51	1968/03/23	48	2006/12/14	2861	322	301	265	23	34
김효섭	31	1965/11/04	50	2009/07/01	1491	170	162	203	18	21
박대흥	18	1958/08/07	58	1997/05/28	5282	711	574	282	42	20
박병일	27	1964/04/26	52	2011/07/15	627	42	49	154	9	15
박윤규	04	1966/09/26	49	2004/07/01	2778	224	234	253	18	24
박재우	50	1970/01/02	46	2011/01/26	1193	157	123	251	43	29
박종곤	01	1962/08/26	53	1997/09/04	3402	290	303	183	29	23
박천서	54	1963/06/08	53	2003/03/05	3300	339	321	239	24	24
박흥진	38	1956/03/20	60	1984/01/01	8008	693	704	153	6	7
박희철	15	1961/06/26	55	2002/07/01	3826	336	354	266	23	22
배대선	20	1960/04/02	56	1995/06/26	6049	732	683	338	37	33
배휴준	29	1966/09/25	49	2005/07/01	3142	233	265	318	30	26
브라이	55	1958/04/13	58	2016/03/16	30	5	4	30	5	4
서범석	12	1964/07/26	52	1999/07/01	3772	345	349	174	14	18
서인석	33	1968/11/20	47	2010/12/09	2013	185	197	462	44	42
서정하	43	1958/12/22	57	2004/09/01	2136	140	178	160	6	13
서홍수	24	1964/01/04	52	2008/09/24	1257	100	106	170	14	13
손영표	02	1966/11/14	49	2006/07/27	2133	191	184	227	14	16
송문길	40	1971/03/22	45	2013/07/01	593	74	70	243	36	40
신삼영	41	1963/11/06	52	2010/07/01	1113	114	99	200	18	26
심승태	37	1978/02/14	38	2012/05/04	895	80	99	276	28	32
안병기	22	1966/01/20	50	2008/07/01	2147	206	196	67	6	5
안해양	26	1961/07/24	55	1999/08/26	3397	336	288	180	8	12
양재철	46	1955/02/26	61	1986/07/30	6678	532	578	156	11	9
양희진	11	1976/02/01	40	2012/11/01	604	46	42	205	16	12
우창구	05	1963/04/28	53	2008/07/01	2001	208	164	286	31	29
유재길	23	1961/07/16	55	2000/04/07	4499	368	394	256	16	14
이관호	42	1966/08/21	49	2013/11/01	494	59	36	202	31	15
이신영	14	1980/04/12	36	2011/07/01	1196	184	105	281	35	29
이희영	13	1960/08/16	55	1986/12/04	7351	590	653	198	16	27
임봉춘	21	1959/04/14	57	2002/08/22	3557	271	283	311	22	25
정지은	30	1954/07/19	62	1982/09/24	8178	726	830	197	12	11
정호익	10	1965/03/08	51	2006/03/04	3144	286	331	325	32	25
지용철	49	1959/06/27	57	1986/11/20	10435	798	925	332	13	23
지용훈	09	1955/10/25	60	1987/06/26	8805	763	817	291	30	34
최봉주	16	1962/11/19	53	2007/03/08	1672	134	136	202	13	9
최상식	28	1960/02/25	56	1993/07/13	5220	387	426	185	8	9
최영주	03	1966/09/03	49	1997/11/19	4034	301	309	175	10	7
최용구	08	1965/10/08	50	2012/07/01	628	101	68	186	28	15
하재흥	35	1955/03/06	61	1983/06/05	9898	891	958	297	27	24
허재영	39	1977/08/15	38	2012/07/01	771	43	54	235	15	24
홍대유	06	1963/01/15	53	2006/07/01	2375	213	180	228	19	7
황영원	47	1967/09/06	48	2010/07/01	1054	66	76	206	9	12