강명준	25	1964/11/10	51	2003/06/18	2116	154	147	140	6	10
곽영효	19	1961/09/24	54	1997/05/28	3823	431	391	130	14	18
구자흥	07	1963/08/07	52	2010/04/05	1006	98	114	186	22	22
김대근	48	1957/08/19	58	1986/07/30	7190	670	734	242	29	27
김동균	52	1975/08/24	40	2012/07/01	961	82	81	314	18	26
김동철	53	1974/11/28	41	2016/03/16	39	0	5	39	0	5
김순근	45	1957/05/05	59	2002/06/01	3795	262	320	288	22	26
김양선	36	1955/03/01	61	1983/06/05	8715	888	886	242	27	24
김윤섭	32	1968/09/20	47	1998/07/02	4202	275	362	202	10	21
김점오	17	1959/05/20	57	1987/07/10	7573	706	716	234	26	31
김학수	44	1960/08/02	55	2004/04/07	2162	225	191	208	13	20
김호	51	1968/03/23	48	2006/12/14	2861	322	301	321	30	42
김효섭	31	1965/11/04	50	2009/07/01	1491	170	162	243	24	30
박대흥	18	1958/08/07	57	1997/05/28	5251	703	573	287	39	28
박병일	27	1964/04/26	52	2011/07/15	608	40	46	150	8	12
박윤규	04	1966/09/26	49	2004/07/01	2751	220	231	258	16	24
박재우	50	1970/01/02	46	2011/01/26	1163	152	118	259	45	28
박종곤	01	1962/08/26	53	1997/09/04	3380	283	302	188	25	23
박천서	54	1963/06/08	53	2003/03/05	3276	337	318	250	26	26
박흥진	38	1956/03/20	60	1984/01/01	7988	693	700	149	6	5
박희철	15	1961/06/26	54	2002/07/01	3791	331	352	267	23	21
배대선	20	1960/04/02	56	1995/06/26	6009	729	678	344	36	31
배휴준	29	1966/09/25	49	2005/07/01	3098	231	260	308	32	24
브라이	55	1958/04/13	58	2016/03/16	11	3	1	11	3	1
서범석	12	1964/07/26	51	1999/07/01	3748	344	347	169	13	17
서인석	33	1968/11/20	47	2010/12/09	1963	180	190	465	42	38
서정하	43	1958/12/22	57	2004/09/01	2113	140	175	161	8	12
서홍수	24	1964/01/04	52	2008/09/24	1232	100	105	166	16	13
손영표	02	1966/11/14	49	2006/07/27	2109	190	181	225	14	15
송문길	40	1971/03/22	45	2013/07/01	569	70	68	249	34	40
신삼영	41	1963/11/06	52	2010/07/01	1095	109	99	209	17	27
신우철	34	1952/08/12	63	1983/06/05	8713	1149	989	150	8	6
심승태	37	1978/02/14	38	2012/05/04	859	78	97	271	30	35
안병기	22	1966/01/20	50	2008/07/01	2119	204	193	39	4	2
안해양	26	1961/07/24	54	1999/08/26	3377	335	286	191	9	12
양재철	46	1955/02/26	61	1986/07/30	6659	532	575	157	12	8
양희진	11	1976/02/01	40	2012/11/01	589	46	41	214	17	13
우창구	05	1963/04/28	53	2008/07/01	1970	205	161	291	33	28
유재길	23	1961/07/16	54	2000/04/07	4479	366	393	269	15	14
이관호	42	1966/08/21	49	2013/11/01	467	56	33	197	31	14
이신영	14	1980/04/12	36	2011/07/01	1159	181	102	280	43	28
이희영	13	1960/08/16	55	1986/12/04	7325	589	652	196	20	28
임봉춘	21	1959/04/14	57	2002/08/22	3513	265	275	308	17	21
정지은	30	1954/07/19	61	1982/09/24	8158	725	827	199	12	9
정호익	10	1965/03/08	51	2006/03/04	3109	279	326	337	33	28
지용철	49	1959/06/27	56	1986/11/20	10398	796	925	337	13	25
지용훈	09	1955/10/25	60	1987/06/26	8777	762	815	305	31	37
최봉주	16	1962/11/19	53	2007/03/08	1647	129	134	211	11	9
최상식	28	1960/02/25	56	1993/07/13	5204	385	426	194	6	12
최영주	03	1966/09/03	49	1997/11/19	4011	301	309	173	11	8
최용구	08	1965/10/08	50	2012/07/01	605	100	66	190	33	15
하재흥	35	1955/03/06	61	1983/06/05	9864	887	955	293	24	22
허재영	39	1977/08/15	38	2012/07/01	749	42	49	246	17	19
홍대유	06	1963/01/15	53	2006/07/01	2348	208	178	225	16	7
황영원	47	1967/09/06	48	2010/07/01	1026	66	73	202	9	14