강명준	25	1964/11/10	51	2003/06/18	2069	151	143	143	4	6
곽영효	19	1961/09/24	54	1997/05/28	3771	426	385	133	11	15
구자흥	07	1963/08/07	52	2010/04/05	934	90	104	194	24	23
김대근	48	1957/08/19	58	1986/07/30	7092	660	723	231	25	27
김동균	52	1975/08/24	40	2012/07/01	827	74	71	279	21	21
김순근	45	1957/05/05	58	2002/06/01	3703	255	309	332	27	23
김양선	36	1955/03/01	60	1983/06/05	8623	878	875	240	21	20
김윤섭	32	1968/09/20	47	1998/07/02	4138	272	351	213	11	15
김점오	17	1959/05/20	56	1987/07/10	7490	693	705	244	20	29
김학수	44	1960/08/02	55	2004/04/07	2106	217	187	231	7	20
김호	51	1968/03/23	47	2006/12/14	2786	316	292	409	46	50
김효섭	31	1965/11/04	50	2009/07/01	1425	159	156	301	37	42
박대흥	18	1958/08/07	57	1997/05/28	5146	686	567	278	33	36
박병일	27	1964/04/26	51	2011/07/15	541	37	38	130	6	5
박윤규	04	1966/09/26	49	2004/07/01	2658	215	220	257	16	15
박재우	50	1970/01/02	46	2011/01/26	1077	136	103	271	38	25
박종곤	01	1962/08/26	53	1997/09/04	3318	273	293	180	24	17
박천서	54	1963/06/08	52	2003/03/05	3198	328	311	258	25	27
박흥진	38	1956/03/20	59	1984/01/01	7929	691	698	146	8	8
박희철	15	1961/06/26	54	2002/07/01	3698	323	343	277	21	19
배대선	20	1960/04/02	55	1995/06/26	5877	717	669	349	44	34
배휴준	29	1966/09/25	49	2005/07/01	2969	220	251	260	25	18
서범석	12	1964/07/26	51	1999/07/01	3677	338	342	169	10	23
서인석	33	1968/11/20	47	2010/12/09	1787	163	174	458	43	39
서정하	43	1958/12/22	57	2004/09/01	2059	137	171	178	11	14
서홍수	24	1964/01/04	52	2008/09/24	1166	92	101	144	12	14
손영표	02	1966/11/14	49	2006/07/27	2020	187	176	228	20	12
송문길	40	1971/03/22	44	2013/07/01	465	52	46	224	29	20
신삼영	41	1963/11/06	52	2010/07/01	1010	103	88	202	17	23
신우철	34	1952/08/12	63	1983/06/05	8652	1147	988	161	13	16
심승태	37	1978/02/14	37	2012/05/04	763	64	86	278	24	39
안병기	22	1966/01/20	50	2008/07/01	2080	200	191	76	4	7
안해양	26	1961/07/24	54	1999/08/26	3323	334	281	217	13	12
양재철	46	1955/02/26	60	1986/07/30	6603	527	573	172	10	10
양희진	11	1976/02/01	40	2012/11/01	509	36	37	210	13	18
우창구	05	1963/04/28	52	2008/07/01	1857	190	150	282	22	28
유재길	23	1961/07/16	54	2000/04/07	4381	359	386	274	14	14
이관호	42	1966/08/21	49	2013/11/01	390	43	26	176	22	10
이신영	14	1980/04/12	35	2011/07/01	1056	166	92	278	46	27
이희영	13	1960/08/16	55	1986/12/04	7249	585	641	188	24	26
임봉춘	21	1959/04/14	56	2002/08/22	3401	257	266	329	16	18
정지은	30	1954/07/19	61	1982/09/24	8087	723	827	195	17	16
정호익	10	1965/03/08	50	2006/03/04	2995	271	317	359	39	43
지용철	49	1959/06/27	56	1986/11/20	10268	790	911	345	10	20
지용훈	09	1955/10/25	60	1987/06/26	8661	754	797	310	39	29
최봉주	16	1962/11/19	53	2007/03/08	1571	128	130	211	11	9
최상식	28	1960/02/25	55	1993/07/13	5134	381	421	206	4	13
최영주	03	1966/09/03	49	1997/11/19	3950	296	305	171	8	6
최용구	08	1965/10/08	50	2012/07/01	537	91	63	201	37	20
하재흥	35	1955/03/06	60	1983/06/05	9748	875	944	282	21	20
허재영	39	1977/08/15	38	2012/07/01	664	36	47	254	16	23
홍대유	06	1963/01/15	53	2006/07/01	2258	203	177	217	14	10
황영원	47	1967/09/06	48	2010/07/01	944	61	67	194	8	10