곽영효	19	1961/09/24	55	1997/05/28	3940	440	398	143	13	13
구자흥	07	1963/08/07	53	2010/04/05	1158	112	137	186	18	29
김대근	48	1957/08/19	59	1986/07/30	7399	703	760	257	38	33
김동균	52	1975/08/24	41	2012/07/01	1227	101	99	337	24	23
김동철	53	1974/11/28	42	2016/03/16	180	7	16	180	7	16
김순근	45	1957/05/05	59	2002/06/01	3982	276	338	231	18	25
김양선	36	1955/03/01	62	1983/06/05	8878	903	902	209	20	22
김윤섭	32	1968/09/20	48	1998/07/02	4337	280	371	165	6	13
김점오	17	1959/05/20	57	1987/07/10	7774	724	731	240	24	18
김학수	44	1960/08/02	56	2004/04/07	2256	233	203	119	13	15
박대흥	18	1958/08/07	58	1997/05/28	5498	746	598	298	50	28
박병일	27	1964/04/26	52	2011/07/15	737	48	63	173	11	22
박윤규	04	1966/09/26	50	2004/07/01	2968	241	258	264	24	32
박재우	50	1970/01/02	47	2011/01/26	1405	179	149	284	37	37
박종곤	01	1962/08/26	54	1997/09/04	3543	311	314	197	34	17
박천서	54	1963/06/08	53	2003/03/05	3450	357	336	213	24	19
박흥진	38	1956/03/20	61	1984/01/01	8117	695	707	158	4	8
박희철	15	1961/06/26	55	2002/07/01	4030	346	367	284	19	22
배대선	20	1960/04/02	57	1995/06/26	6309	752	705	374	29	35
배휴준	29	1966/09/25	50	2005/07/01	3313	244	280	288	20	26
브라이	55	1958/04/13	59	2016/03/16	125	24	18	125	24	18
서범석	12	1964/07/26	52	1999/07/01	3895	354	358	184	12	13
서인석	33	1968/11/20	48	2010/12/09	2321	211	234	447	36	55
서정하	43	1958/12/22	58	2004/09/01	2262	144	186	183	6	14
서홍수	24	1964/01/04	53	2008/09/24	1369	105	111	164	10	8
손영표	02	1966/11/14	50	2006/07/27	2239	200	188	173	12	8
송문길	40	1971/03/22	46	2013/07/01	804	113	87	290	52	30
신삼영	41	1963/11/06	53	2010/07/01	1258	128	114	208	21	21
심승태	37	1978/02/14	39	2012/05/04	1110	98	116	306	29	27
안병기	22	1966/01/20	51	2008/07/01	2398	228	222	318	28	31
안해양	26	1961/07/24	55	1999/08/26	3504	340	292	153	5	8
양재철	46	1955/02/26	62	1986/07/30	6766	540	588	133	11	15
양희진	11	1976/02/01	41	2012/11/01	684	50	44	134	8	4
우창구	05	1963/04/28	53	2008/07/01	2182	225	187	272	29	32
유재길	23	1961/07/16	55	2000/04/07	4683	380	402	252	19	14
이관호	42	1966/08/21	50	2013/11/01	670	83	53	238	36	23
이신영	14	1980/04/12	37	2011/07/01	1403	211	120	299	38	21
이희영	13	1960/08/16	56	1986/12/04	7489	604	661	200	18	16
임봉춘	21	1959/04/14	57	2002/08/22	3791	289	315	339	29	46
정지은	30	1954/07/19	62	1982/09/24	8303	739	842	180	15	15
정호익	10	1965/03/08	52	2006/03/04	3370	316	356	318	40	33
지용철	49	1959/06/27	57	1986/11/20	10669	823	940	332	30	20
지용훈	09	1955/10/25	61	1987/06/26	9000	773	828	277	14	22
최봉주	16	1962/11/19	54	2007/03/08	1820	152	154	208	24	22
최상식	28	1960/02/25	57	1993/07/13	5339	399	435	170	16	11
최영주	03	1966/09/03	50	1997/11/19	4147	308	324	164	7	17
최용구	08	1965/10/08	51	2012/07/01	760	110	83	183	16	18
하재흥	35	1955/03/06	62	1983/06/05	10152	911	976	348	31	26
허재영	39	1977/08/15	39	2012/07/01	875	46	58	166	6	10
홍대유	06	1963/01/15	54	2006/07/01	2558	227	200	254	21	22
황영원	47	1967/09/06	49	2010/07/01	1146	71	79	154	7	9