강명준	25	1964/11/10	51	2003/06/18	2111	153	147	141	5	10
곽영효	19	1961/09/24	54	1997/05/28	3817	431	389	131	14	17
구자흥	07	1963/08/07	52	2010/04/05	995	96	113	187	22	22
김대근	48	1957/08/19	58	1986/07/30	7176	668	732	241	27	28
김동균	52	1975/08/24	40	2012/07/01	939	81	79	307	19	25
김동철	53	1974/11/28	41	2016/03/16	26	0	2	26	0	2
김순근	45	1957/05/05	59	2002/06/01	3781	261	316	299	26	23
김양선	36	1955/03/01	61	1983/06/05	8703	885	882	244	25	21
김윤섭	32	1968/09/20	47	1998/07/02	4190	275	361	201	11	20
김점오	17	1959/05/20	57	1987/07/10	7563	706	715	245	28	32
김학수	44	1960/08/02	55	2004/04/07	2157	224	191	216	13	21
김호	51	1968/03/23	48	2006/12/14	2861	322	301	351	33	47
김효섭	31	1965/11/04	50	2009/07/01	1491	170	162	265	28	32
박대흥	18	1958/08/07	57	1997/05/28	5237	702	571	289	41	27
박병일	27	1964/04/26	52	2011/07/15	598	40	43	147	8	10
박윤규	04	1966/09/26	49	2004/07/01	2735	219	230	253	15	24
박재우	50	1970/01/02	46	2011/01/26	1151	149	118	264	42	29
박종곤	01	1962/08/26	53	1997/09/04	3368	279	301	187	23	22
박천서	54	1963/06/08	52	2003/03/05	3267	337	318	250	27	28
박흥진	38	1956/03/20	60	1984/01/01	7982	693	700	152	6	6
박희철	15	1961/06/26	54	2002/07/01	3777	330	351	270	24	21
배대선	20	1960/04/02	56	1995/06/26	5983	725	675	336	34	29
배휴준	29	1966/09/25	49	2005/07/01	3079	228	259	300	29	23
브라이	55	1958/04/13	58	2016/03/16	8	2	1	8	2	1
서범석	12	1964/07/26	51	1999/07/01	3735	344	346	164	13	17
서인석	33	1968/11/20	47	2010/12/09	1938	177	190	468	42	40
서정하	43	1958/12/22	57	2004/09/01	2101	140	175	158	8	13
서홍수	24	1964/01/04	52	2008/09/24	1224	97	105	163	13	14
손영표	02	1966/11/14	49	2006/07/27	2096	189	181	225	15	15
송문길	40	1971/03/22	45	2013/07/01	552	67	64	245	32	36
신삼영	41	1963/11/06	52	2010/07/01	1084	109	98	212	19	28
신우철	34	1952/08/12	63	1983/06/05	8703	1148	989	151	9	8
심승태	37	1978/02/14	38	2012/05/04	841	76	96	271	29	40
안병기	22	1966/01/20	50	2008/07/01	2100	202	192	20	2	1
안해양	26	1961/07/24	54	1999/08/26	3370	335	285	200	9	12
양재철	46	1955/02/26	61	1986/07/30	6649	532	573	157	12	7
양희진	11	1976/02/01	40	2012/11/01	578	46	41	215	18	14
우창구	05	1963/04/28	53	2008/07/01	1950	204	157	286	33	26
유재길	23	1961/07/16	54	2000/04/07	4464	364	392	267	13	14
이관호	42	1966/08/21	49	2013/11/01	459	53	32	199	28	14
이신영	14	1980/04/12	36	2011/07/01	1144	177	100	281	43	26
이희영	13	1960/08/16	55	1986/12/04	7317	588	650	197	20	26
임봉춘	21	1959/04/14	57	2002/08/22	3492	264	272	307	17	18
정지은	30	1954/07/19	61	1982/09/24	8146	724	827	198	14	10
정호익	10	1965/03/08	51	2006/03/04	3093	278	325	345	34	31
지용철	49	1959/06/27	56	1986/11/20	10382	794	924	342	12	25
지용훈	09	1955/10/25	60	1987/06/26	8760	762	813	305	33	36
최봉주	16	1962/11/19	53	2007/03/08	1637	128	134	216	10	10
최상식	28	1960/02/25	56	1993/07/13	5194	384	426	197	6	13
최영주	03	1966/09/03	49	1997/11/19	4004	301	308	176	11	7
최용구	08	1965/10/08	50	2012/07/01	600	99	66	202	35	16
하재흥	35	1955/03/06	61	1983/06/05	9850	886	953	294	25	22
허재영	39	1977/08/15	38	2012/07/01	741	42	48	256	17	20
홍대유	06	1963/01/15	53	2006/07/01	2334	207	178	220	16	9
황영원	47	1967/09/06	48	2010/07/01	1016	66	71	204	9	13