강명준	25	1964/11/10	51	2003/06/18	2120	154	148	139	5	11
곽영효	19	1961/09/24	54	1997/05/28	3826	431	391	132	14	18
구자흥	07	1963/08/07	52	2010/04/05	1009	99	114	183	21	22
김대근	48	1957/08/19	58	1986/07/30	7195	670	734	241	29	27
김동균	52	1975/08/24	40	2012/07/01	966	83	81	315	19	26
김동철	53	1974/11/28	41	2016/03/16	42	0	5	42	0	5
김순근	45	1957/05/05	59	2002/06/01	3802	262	320	288	22	26
김양선	36	1955/03/01	61	1983/06/05	8719	888	887	241	25	25
김윤섭	32	1968/09/20	47	1998/07/02	4203	275	362	200	10	21
김점오	17	1959/05/20	57	1987/07/10	7579	707	718	237	27	33
김학수	44	1960/08/02	55	2004/04/07	2168	225	193	205	13	20
김호	51	1968/03/23	48	2006/12/14	2861	322	301	317	30	40
김효섭	31	1965/11/04	50	2009/07/01	1491	170	162	236	23	28
박대흥	18	1958/08/07	57	1997/05/28	5255	704	573	285	40	27
박병일	27	1964/04/26	52	2011/07/15	612	40	46	151	8	12
박윤규	04	1966/09/26	49	2004/07/01	2753	220	231	257	15	24
박재우	50	1970/01/02	46	2011/01/26	1167	153	119	259	46	29
박종곤	01	1962/08/26	53	1997/09/04	3383	284	302	185	23	23
박천서	54	1963/06/08	53	2003/03/05	3280	337	319	245	25	27
박흥진	38	1956/03/20	60	1984/01/01	7995	693	701	153	6	6
박희철	15	1961/06/26	55	2002/07/01	3795	332	352	263	24	20
배대선	20	1960/04/02	56	1995/06/26	6016	730	679	345	37	31
배휴준	29	1966/09/25	49	2005/07/01	3107	231	260	313	32	24
브라이	55	1958/04/13	58	2016/03/16	18	4	2	18	4	2
서범석	12	1964/07/26	51	1999/07/01	3752	344	348	170	13	18
서인석	33	1968/11/20	47	2010/12/09	1972	182	190	466	44	37
서정하	43	1958/12/22	57	2004/09/01	2116	140	175	160	7	12
서홍수	24	1964/01/04	52	2008/09/24	1235	100	105	165	16	12
손영표	02	1966/11/14	49	2006/07/27	2115	190	181	226	14	15
송문길	40	1971/03/22	45	2013/07/01	572	70	68	247	33	39
신삼영	41	1963/11/06	52	2010/07/01	1098	110	99	210	17	27
신우철	34	1952/08/12	63	1983/06/05	8713	1149	989	146	8	6
심승태	37	1978/02/14	38	2012/05/04	868	79	98	274	31	34
안병기	22	1966/01/20	50	2008/07/01	2123	204	194	43	4	3
안해양	26	1961/07/24	54	1999/08/26	3380	335	286	188	9	12
양재철	46	1955/02/26	61	1986/07/30	6661	532	576	155	12	9
양희진	11	1976/02/01	40	2012/11/01	590	46	41	212	17	13
우창구	05	1963/04/28	53	2008/07/01	1973	205	162	289	31	29
유재길	23	1961/07/16	54	2000/04/07	4483	367	393	266	16	13
이관호	42	1966/08/21	49	2013/11/01	473	56	34	203	31	15
이신영	14	1980/04/12	36	2011/07/01	1168	182	102	280	43	28
이희영	13	1960/08/16	55	1986/12/04	7328	589	653	193	18	29
임봉춘	21	1959/04/14	57	2002/08/22	3520	266	275	306	18	19
정지은	30	1954/07/19	61	1982/09/24	8162	725	827	199	12	9
정호익	10	1965/03/08	51	2006/03/04	3112	280	326	335	34	28
지용철	49	1959/06/27	57	1986/11/20	10405	797	925	337	14	25
지용훈	09	1955/10/25	60	1987/06/26	8782	763	815	301	32	36
최봉주	16	1962/11/19	53	2007/03/08	1653	130	135	209	11	9
최상식	28	1960/02/25	56	1993/07/13	5208	385	426	193	6	11
최영주	03	1966/09/03	49	1997/11/19	4013	301	309	172	10	7
최용구	08	1965/10/08	50	2012/07/01	612	100	66	194	32	15
하재흥	35	1955/03/06	61	1983/06/05	9872	888	957	295	25	23
허재영	39	1977/08/15	38	2012/07/01	755	42	49	247	17	19
홍대유	06	1963/01/15	53	2006/07/01	2353	209	178	226	17	7
황영원	47	1967/09/06	48	2010/07/01	1029	66	74	202	9	15