곽영효	19	1961/09/24	54	1997/05/28	3835	434	391	133	17	17
구자흥	07	1963/08/07	52	2010/04/05	1016	99	115	181	21	22
김대근	48	1957/08/19	58	1986/07/30	7206	674	736	242	33	28
김동균	52	1975/08/24	40	2012/07/01	989	84	82	317	20	25
김동철	53	1974/11/28	41	2016/03/16	54	0	6	54	0	6
김순근	45	1957/05/05	59	2002/06/01	3811	262	320	277	19	24
김양선	36	1955/03/01	61	1983/06/05	8729	888	889	240	24	26
김윤섭	32	1968/09/20	47	1998/07/02	4212	275	362	192	10	20
김점오	17	1959/05/20	57	1987/07/10	7591	710	719	234	28	31
김학수	44	1960/08/02	55	2004/04/07	2174	225	195	195	13	18
김호	51	1968/03/23	48	2006/12/14	2861	322	301	287	26	35
김효섭	31	1965/11/04	50	2009/07/01	1491	170	162	218	20	25
박대흥	18	1958/08/07	57	1997/05/28	5270	711	573	284	44	22
박병일	27	1964/04/26	52	2011/07/15	622	42	48	155	9	14
박윤규	04	1966/09/26	49	2004/07/01	2767	221	232	255	16	23
박재우	50	1970/01/02	46	2011/01/26	1183	156	121	254	45	29
박종곤	01	1962/08/26	53	1997/09/04	3395	288	303	185	27	24
박천서	54	1963/06/08	53	2003/03/05	3290	338	321	243	24	28
박흥진	38	1956/03/20	60	1984/01/01	8000	693	702	150	6	6
박희철	15	1961/06/26	55	2002/07/01	3812	334	353	266	24	21
배대선	20	1960/04/02	56	1995/06/26	6037	731	683	344	37	34
배휴준	29	1966/09/25	49	2005/07/01	3120	232	260	313	31	23
브라이	55	1958/04/13	58	2016/03/16	24	4	3	24	4	3
서범석	12	1964/07/26	51	1999/07/01	3763	345	348	170	14	17
서인석	33	1968/11/20	47	2010/12/09	1997	183	195	468	43	42
서정하	43	1958/12/22	57	2004/09/01	2126	140	176	158	6	13
서홍수	24	1964/01/04	52	2008/09/24	1244	100	106	166	16	13
손영표	02	1966/11/14	49	2006/07/27	2124	191	182	227	14	14
송문길	40	1971/03/22	45	2013/07/01	582	73	70	247	36	41
신삼영	41	1963/11/06	52	2010/07/01	1108	112	99	205	17	27
심승태	37	1978/02/14	38	2012/05/04	881	80	99	274	30	35
안병기	22	1966/01/20	50	2008/07/01	2136	205	195	56	5	4
안해양	26	1961/07/24	54	1999/08/26	3390	335	287	181	7	11
양재철	46	1955/02/26	61	1986/07/30	6671	532	578	156	11	9
양희진	11	1976/02/01	40	2012/11/01	598	46	41	211	17	12
우창구	05	1963/04/28	53	2008/07/01	1986	206	163	284	29	29
유재길	23	1961/07/16	55	2000/04/07	4494	368	393	266	17	13
이관호	42	1966/08/21	49	2013/11/01	482	57	35	198	30	14
이신영	14	1980/04/12	36	2011/07/01	1179	182	103	275	38	28
이희영	13	1960/08/16	55	1986/12/04	7339	589	653	192	15	28
임봉춘	21	1959/04/14	57	2002/08/22	3539	269	281	307	21	23
정지은	30	1954/07/19	62	1982/09/24	8169	725	828	195	12	9
정호익	10	1965/03/08	51	2006/03/04	3131	285	329	331	36	27
지용철	49	1959/06/27	57	1986/11/20	10424	797	925	338	13	23
지용훈	09	1955/10/25	60	1987/06/26	8797	763	816	301	32	34
최봉주	16	1962/11/19	53	2007/03/08	1662	132	136	205	12	10
최상식	28	1960/02/25	56	1993/07/13	5215	387	426	192	8	10
최영주	03	1966/09/03	49	1997/11/19	4026	301	309	175	10	7
최용구	08	1965/10/08	50	2012/07/01	619	100	67	187	27	15
하재흥	35	1955/03/06	61	1983/06/05	9886	890	958	294	26	24
허재영	39	1977/08/15	38	2012/07/01	762	42	51	239	15	21
홍대유	06	1963/01/15	53	2006/07/01	2366	211	179	227	18	6
황영원	47	1967/09/06	48	2010/07/01	1044	66	76	207	9	16