곽영효	19	1961/09/24	55	1997/05/28	3904	439	397	137	13	12
구자흥	07	1963/08/07	53	2010/04/05	1108	109	127	183	20	25
김대근	48	1957/08/19	59	1986/07/30	7349	696	754	266	38	31
김동균	52	1975/08/24	41	2012/07/01	1149	94	95	334	20	26
김동철	53	1974/11/28	42	2016/03/16	127	3	11	127	3	11
김순근	45	1957/05/05	59	2002/06/01	3928	272	333	235	17	26
김양선	36	1955/03/01	61	1983/06/05	8835	897	898	226	20	23
김윤섭	32	1968/09/20	48	1998/07/02	4295	279	366	164	9	15
김점오	17	1959/05/20	57	1987/07/10	7718	722	728	241	31	24
김학수	44	1960/08/02	56	2004/04/07	2239	232	201	143	15	14
박대흥	18	1958/08/07	58	1997/05/28	5423	732	588	293	46	24
박병일	27	1964/04/26	52	2011/07/15	693	45	59	160	8	21
박윤규	04	1966/09/26	50	2004/07/01	2903	236	251	255	22	32
박재우	50	1970/01/02	47	2011/01/26	1333	174	141	268	39	40
박종곤	01	1962/08/26	54	1997/09/04	3486	306	311	177	35	19
박천서	54	1963/06/08	53	2003/03/05	3398	348	330	211	20	20
박흥진	38	1956/03/20	60	1984/01/01	8075	695	705	154	4	8
박희철	15	1961/06/26	55	2002/07/01	3955	342	363	271	19	22
배대선	20	1960/04/02	56	1995/06/26	6235	746	701	371	29	35
배휴준	29	1966/09/25	50	2005/07/01	3256	240	277	301	22	27
브라이	55	1958/04/13	58	2016/03/16	94	16	15	94	16	15
서범석	12	1964/07/26	52	1999/07/01	3854	351	354	184	15	13
서인석	33	1968/11/20	48	2010/12/09	2207	196	224	443	35	52
서정하	43	1958/12/22	58	2004/09/01	2220	144	182	170	8	11
서홍수	24	1964/01/04	53	2008/09/24	1331	103	109	173	12	8
손영표	02	1966/11/14	50	2006/07/27	2209	200	187	200	13	11
송문길	40	1971/03/22	45	2013/07/01	722	92	84	263	40	38
신삼영	41	1963/11/06	53	2010/07/01	1211	126	110	209	23	23
심승태	37	1978/02/14	38	2012/05/04	1039	90	110	287	26	26
안병기	22	1966/01/20	50	2008/07/01	2317	222	212	237	22	21
안해양	26	1961/07/24	55	1999/08/26	3470	338	290	158	7	10
양재철	46	1955/02/26	61	1986/07/30	6735	538	582	138	12	10
양희진	11	1976/02/01	40	2012/11/01	664	49	43	163	14	7
우창구	05	1963/04/28	53	2008/07/01	2117	219	180	276	30	31
유재길	23	1961/07/16	55	2000/04/07	4626	374	399	258	16	14
이관호	42	1966/08/21	50	2013/11/01	603	78	44	216	35	18
이신영	14	1980/04/12	36	2011/07/01	1335	199	113	293	34	22
이희영	13	1960/08/16	56	1986/12/04	7443	601	659	202	16	18
임봉춘	21	1959/04/14	57	2002/08/22	3705	281	306	325	24	42
정지은	30	1954/07/19	62	1982/09/24	8263	736	841	187	15	14
정호익	10	1965/03/08	51	2006/03/04	3296	309	346	313	40	29
지용철	49	1959/06/27	57	1986/11/20	10595	814	933	344	24	25
지용훈	09	1955/10/25	61	1987/06/26	8928	770	824	281	16	27
최봉주	16	1962/11/19	54	2007/03/08	1763	147	147	205	20	17
최상식	28	1960/02/25	56	1993/07/13	5298	394	433	173	15	12
최영주	03	1966/09/03	50	1997/11/19	4106	306	321	166	11	16
최용구	08	1965/10/08	51	2012/07/01	718	106	78	189	16	16
하재흥	35	1955/03/06	61	1983/06/05	10063	906	970	327	33	27
허재영	39	1977/08/15	39	2012/07/01	838	45	58	183	11	11
홍대유	06	1963/01/15	54	2006/07/01	2486	226	188	235	25	11
황영원	47	1967/09/06	49	2010/07/01	1143	70	78	216	9	13