곽영효	19	1961/09/24	54	1997/05/28	3849	436	391	133	18	13
구자흥	07	1963/08/07	53	2010/04/05	1035	101	118	182	22	24
김대근	48	1957/08/19	59	1986/07/30	7240	679	737	254	36	27
김동균	52	1975/08/24	41	2012/07/01	1027	86	85	324	22	24
김동철	53	1974/11/28	41	2016/03/16	67	1	7	67	1	7
김순근	45	1957/05/05	59	2002/06/01	3837	267	321	269	19	24
김양선	36	1955/03/01	61	1983/06/05	8752	889	891	241	22	26
김윤섭	32	1968/09/20	47	1998/07/02	4230	275	362	187	8	18
김점오	17	1959/05/20	57	1987/07/10	7617	713	720	239	30	28
김학수	44	1960/08/02	56	2004/04/07	2191	228	197	182	15	17
김호	51	1968/03/23	48	2006/12/14	2861	322	301	245	22	34
김효섭	31	1965/11/04	50	2009/07/01	1491	170	162	188	17	19
마이클	85	1970/01/01	46	2016/08/24	0	0	0	0	0	0
무하이	81	1959/11/11	56	2016/08/24	0	0	0	0	0	0
밀러드	86	1970/01/01	46	2016/08/24	0	0	0	0	0	0
박대흥	18	1958/08/07	58	1997/05/28	5306	713	577	289	42	22
박병일	27	1964/04/26	52	2011/07/15	636	43	52	155	10	18
박윤규	04	1966/09/26	49	2004/07/01	2796	224	236	255	18	26
박재우	50	1970/01/02	46	2011/01/26	1211	159	126	251	40	31
박종곤	01	1962/08/26	54	1997/09/04	3413	295	304	181	32	24
박천서	54	1963/06/08	53	2003/03/05	3317	342	324	240	25	26
박흥진	38	1956/03/20	60	1984/01/01	8017	693	704	156	4	7
박희철	15	1961/06/26	55	2002/07/01	3849	338	354	276	25	21
배대선	20	1960/04/02	56	1995/06/26	6073	732	686	342	34	33
배리	90	1953/04/07	63	2016/08/24	0	0	0	0	0	0
배휴준	29	1966/09/25	49	2005/07/01	3163	233	267	322	29	25
브라이	55	1958/04/13	58	2016/03/16	42	7	5	42	7	5
서범석	12	1964/07/26	52	1999/07/01	3786	345	349	178	12	17
서인석	33	1968/11/20	47	2010/12/09	2043	187	200	463	42	43
서정하	43	1958/12/22	57	2004/09/01	2151	142	178	159	8	13
서홍수	24	1964/01/04	52	2008/09/24	1270	101	106	175	14	11
손영표	02	1966/11/14	49	2006/07/27	2148	193	186	229	15	14
송문길	40	1971/03/22	45	2013/07/01	608	78	70	245	37	40
신삼영	41	1963/11/06	52	2010/07/01	1127	117	101	200	20	26
심승태	37	1978/02/14	38	2012/05/04	912	80	99	274	26	29
안병기	22	1966/01/20	50	2008/07/01	2172	208	198	92	8	7
안해양	26	1961/07/24	55	1999/08/26	3410	336	288	181	7	10
알라이	82	1970/01/01	46	2016/08/24	0	0	0	0	0	0
야스다	83	1953/03/05	63	2016/08/24	0	0	0	0	0	0
양재철	46	1955/02/26	61	1986/07/30	6687	532	579	157	10	10
양희진	11	1976/02/01	40	2012/11/01	613	46	42	199	16	10
오토나	89	1954/06/10	62	2016/08/24	0	0	0	0	0	0
우창구	05	1963/04/28	53	2008/07/01	2021	210	166	289	32	28
유재길	23	1961/07/16	55	2000/04/07	4521	368	394	263	13	14
이관호	42	1966/08/21	50	2013/11/01	510	61	37	205	33	16
이신영	14	1980/04/12	36	2011/07/01	1214	184	108	285	30	30
이희영	13	1960/08/16	56	1986/12/04	7366	593	653	196	18	25
임봉춘	21	1959/04/14	57	2002/08/22	3580	273	291	315	23	32
정지은	30	1954/07/19	62	1982/09/24	8190	730	830	194	16	9
정호익	10	1965/03/08	51	2006/03/04	3168	288	333	325	31	25
지용철	49	1959/06/27	57	1986/11/20	10460	799	928	339	14	26
지용훈	09	1955/10/25	60	1987/06/26	8827	764	819	296	28	34
최봉주	16	1962/11/19	53	2007/03/08	1684	138	139	203	17	12
최상식	28	1960/02/25	56	1993/07/13	5230	387	428	184	8	11
최영주	03	1966/09/03	49	1997/11/19	4042	301	310	175	10	8
최용구	08	1965/10/08	50	2012/07/01	645	102	70	190	27	15
키저	87	1963/07/27	53	2016/08/24	0	0	0	0	0	0
타카노	84	1976/02/04	40	2016/08/24	0	0	0	0	0	0
하재흥	35	1955/03/06	61	1983/06/05	9922	893	960	306	28	25
핼포드	88	1970/01/01	46	2016/08/24	0	0	0	0	0	0
허재영	39	1977/08/15	39	2012/07/01	784	44	55	229	15	22
홍대유	06	1963/01/15	53	2006/07/01	2394	215	181	231	21	8
황영원	47	1967/09/06	48	2010/07/01	1069	66	76	209	8	12