강명준	25	1964/11/10	51	2003/06/18	2089	151	145	147	3	8
곽영효	19	1961/09/24	54	1997/05/28	3789	426	385	130	9	15
구자흥	07	1963/08/07	52	2010/04/05	960	92	107	195	23	22
김대근	48	1957/08/19	58	1986/07/30	7126	662	727	236	23	27
김동균	52	1975/08/24	40	2012/07/01	869	75	74	286	20	22
김동철	53	1974/11/28	41	2016/03/16	0	0	0	0	0	0
김순근	45	1957/05/05	58	2002/06/01	3732	258	311	325	28	20
김양선	36	1955/03/01	61	1983/06/05	8655	881	879	248	23	21
김윤섭	32	1968/09/20	47	1998/07/02	4161	274	355	214	11	16
김점오	17	1959/05/20	56	1987/07/10	7524	696	711	252	20	33
김학수	44	1960/08/02	55	2004/04/07	2131	219	188	233	9	20
김호	51	1968/03/23	48	2006/12/14	2834	322	296	413	49	50
김효섭	31	1965/11/04	50	2009/07/01	1465	168	159	304	40	41
박대흥	18	1958/08/07	57	1997/05/28	5184	692	569	289	36	36
박병일	27	1964/04/26	51	2011/07/15	558	37	40	131	5	7
박윤규	04	1966/09/26	49	2004/07/01	2692	217	225	264	16	20
박재우	50	1970/01/02	46	2011/01/26	1111	141	111	283	42	30
박종곤	01	1962/08/26	53	1997/09/04	3340	277	296	189	25	20
박천서	54	1963/06/08	52	2003/03/05	3223	332	316	255	27	30
박흥진	38	1956/03/20	60	1984/01/01	7950	691	698	150	6	7
박희철	15	1961/06/26	54	2002/07/01	3730	325	344	278	22	18
배대선	20	1960/04/02	55	1995/06/26	5916	721	670	348	43	28
배휴준	29	1966/09/25	49	2005/07/01	3008	223	252	282	27	18
브라이	55	1958/04/13	57	2016/03/16	0	0	0	0	0	0
서범석	12	1964/07/26	51	1999/07/01	3702	340	343	171	12	18
서인석	33	1968/11/20	47	2010/12/09	1847	172	178	465	48	40
서정하	43	1958/12/22	57	2004/09/01	2071	138	172	171	12	13
서홍수	24	1964/01/04	52	2008/09/24	1195	95	102	160	15	14
손영표	02	1966/11/14	49	2006/07/27	2048	187	179	232	19	14
송문길	40	1971/03/22	45	2013/07/01	500	59	54	235	32	28
신삼영	41	1963/11/06	52	2010/07/01	1039	104	92	207	16	26
신우철	34	1952/08/12	63	1983/06/05	8673	1147	988	157	11	13
심승태	37	1978/02/14	38	2012/05/04	793	67	88	280	24	38
안병기	22	1966/01/20	50	2008/07/01	2080	200	191	42	1	4
안해양	26	1961/07/24	54	1999/08/26	3344	335	283	220	13	12
양재철	46	1955/02/26	61	1986/07/30	6623	528	573	173	9	9
양희진	11	1976/02/01	40	2012/11/01	538	41	39	217	16	19
우창구	05	1963/04/28	52	2008/07/01	1893	192	153	287	23	29
유재길	23	1961/07/16	54	2000/04/07	4415	361	387	276	12	13
이관호	42	1966/08/21	49	2013/11/01	422	45	28	192	21	12
이신영	14	1980/04/12	35	2011/07/01	1089	171	96	284	47	28
이희영	13	1960/08/16	55	1986/12/04	7274	586	642	194	23	23
임봉춘	21	1959/04/14	56	2002/08/22	3431	258	267	324	13	16
정지은	30	1954/07/19	61	1982/09/24	8112	723	827	198	15	13
정호익	10	1965/03/08	51	2006/03/04	3035	273	319	358	36	35
지용철	49	1959/06/27	56	1986/11/20	10315	793	916	343	12	23
지용훈	09	1955/10/25	60	1987/06/26	8703	757	804	313	40	35
최봉주	16	1962/11/19	53	2007/03/08	1599	128	132	220	11	9
최상식	28	1960/02/25	56	1993/07/13	5158	383	423	206	6	14
최영주	03	1966/09/03	49	1997/11/19	3974	298	307	179	10	7
최용구	08	1965/10/08	50	2012/07/01	566	94	64	205	35	20
하재흥	35	1955/03/06	61	1983/06/05	9787	879	949	291	22	24
허재영	39	1977/08/15	38	2012/07/01	698	38	48	269	17	24
홍대유	06	1963/01/15	53	2006/07/01	2293	206	178	224	16	11
황영원	47	1967/09/06	48	2010/07/01	978	62	69	203	8	12