곽영효	19	1961/09/24	55	1997/05/28	3928	440	398	143	14	13
구자흥	07	1963/08/07	53	2010/04/05	1141	112	134	185	20	27
김대근	48	1957/08/19	59	1986/07/30	7384	698	759	264	37	32
김동균	52	1975/08/24	41	2012/07/01	1197	100	97	333	25	23
김동철	53	1974/11/28	42	2016/03/16	160	5	15	160	5	15
김순근	45	1957/05/05	59	2002/06/01	3963	275	335	236	18	24
김양선	36	1955/03/01	62	1983/06/05	8862	901	901	214	20	23
김윤섭	32	1968/09/20	48	1998/07/02	4321	280	369	164	6	15
김점오	17	1959/05/20	57	1987/07/10	7757	724	729	236	28	19
김학수	44	1960/08/02	56	2004/04/07	2251	233	202	124	14	14
박대흥	18	1958/08/07	58	1997/05/28	5468	738	596	291	48	27
박병일	27	1964/04/26	52	2011/07/15	720	47	59	165	10	19
박윤규	04	1966/09/26	50	2004/07/01	2943	239	258	257	22	34
박재우	50	1970/01/02	47	2011/01/26	1384	178	145	279	38	35
박종곤	01	1962/08/26	54	1997/09/04	3520	307	313	185	30	17
박천서	54	1963/06/08	53	2003/03/05	3430	353	333	211	22	18
박흥진	38	1956/03/20	60	1984/01/01	8104	695	707	157	4	9
박희철	15	1961/06/26	55	2002/07/01	3999	345	363	277	20	19
배대선	20	1960/04/02	56	1995/06/26	6282	751	702	373	31	32
배휴준	29	1966/09/25	50	2005/07/01	3300	244	279	300	22	27
브라이	55	1958/04/13	58	2016/03/16	115	21	17	115	21	17
서범석	12	1964/07/26	52	1999/07/01	3881	353	357	183	13	14
서인석	33	1968/11/20	48	2010/12/09	2284	207	231	452	37	53
서정하	43	1958/12/22	58	2004/09/01	2247	144	183	178	6	11
서홍수	24	1964/01/04	53	2008/09/24	1355	103	111	167	9	9
손영표	02	1966/11/14	50	2006/07/27	2226	200	188	182	13	9
송문길	40	1971/03/22	45	2013/07/01	777	105	87	285	48	35
신삼영	41	1963/11/06	53	2010/07/01	1243	127	114	210	23	23
심승태	37	1978/02/14	39	2012/05/04	1088	96	113	300	29	26
안병기	22	1966/01/20	51	2008/07/01	2368	227	219	288	27	28
안해양	26	1961/07/24	55	1999/08/26	3491	340	292	154	5	10
양재철	46	1955/02/26	62	1986/07/30	6754	538	587	134	11	14
양희진	11	1976/02/01	41	2012/11/01	684	50	44	151	9	6
우창구	05	1963/04/28	53	2008/07/01	2157	224	184	268	32	31
유재길	23	1961/07/16	55	2000/04/07	4666	380	400	254	19	13
이관호	42	1966/08/21	50	2013/11/01	645	81	49	228	36	21
이신영	14	1980/04/12	36	2011/07/01	1379	207	116	297	38	20
이희영	13	1960/08/16	56	1986/12/04	7471	602	661	202	16	19
임봉춘	21	1959/04/14	57	2002/08/22	3758	285	310	334	27	43
정지은	30	1954/07/19	62	1982/09/24	8289	738	842	183	15	15
정호익	10	1965/03/08	52	2006/03/04	3347	312	354	319	39	35
지용철	49	1959/06/27	57	1986/11/20	10640	821	939	328	29	23
지용훈	09	1955/10/25	61	1987/06/26	8974	771	827	277	14	26
최봉주	16	1962/11/19	54	2007/03/08	1801	150	151	208	22	19
최상식	28	1960/02/25	57	1993/07/13	5321	396	435	167	13	12
최영주	03	1966/09/03	50	1997/11/19	4133	308	324	165	10	18
최용구	08	1965/10/08	51	2012/07/01	745	108	80	182	15	16
하재흥	35	1955/03/06	62	1983/06/05	10127	911	973	345	33	26
허재영	39	1977/08/15	39	2012/07/01	860	45	58	167	7	10
홍대유	06	1963/01/15	54	2006/07/01	2531	226	196	244	20	18
황영원	47	1967/09/06	49	2010/07/01	1146	71	79	174	9	11