곽영효	19	1961/09/24	54	1997/05/28	3856	437	392	133	17	13
구자흥	07	1963/08/07	53	2010/04/05	1045	101	118	180	20	22
김대근	48	1957/08/19	59	1986/07/30	7253	681	742	256	38	30
김동균	52	1975/08/24	41	2012/07/01	1043	88	87	321	22	25
김동철	53	1974/11/28	41	2016/03/16	75	1	7	75	1	7
김순근	45	1957/05/05	59	2002/06/01	3846	267	325	260	18	27
김양선	36	1955/03/01	61	1983/06/05	8762	889	892	235	20	26
김윤섭	32	1968/09/20	48	1998/07/02	4235	275	362	180	8	18
김점오	17	1959/05/20	57	1987/07/10	7630	716	722	235	30	29
김학수	44	1960/08/02	56	2004/04/07	2199	230	198	175	16	17
김호	51	1968/03/23	48	2006/12/14	2861	322	301	214	18	27
김효섭	31	1965/11/04	50	2009/07/01	1491	170	162	169	17	18
박대흥	18	1958/08/07	58	1997/05/28	5317	715	578	281	41	21
박병일	27	1964/04/26	52	2011/07/15	641	43	52	150	10	18
박윤규	04	1966/09/26	49	2004/07/01	2807	226	237	249	17	26
박재우	50	1970/01/02	46	2011/01/26	1223	160	127	245	40	31
박종곤	01	1962/08/26	54	1997/09/04	3420	297	306	171	32	22
박천서	54	1963/06/08	53	2003/03/05	3322	342	325	225	24	24
박흥진	38	1956/03/20	60	1984/01/01	8023	693	704	153	3	7
박희철	15	1961/06/26	55	2002/07/01	3861	339	356	266	22	21
배대선	20	1960/04/02	56	1995/06/26	6093	735	687	340	33	33
배휴준	29	1966/09/25	49	2005/07/01	3173	234	269	309	25	26
브라이	55	1958/04/13	58	2016/03/16	48	7	6	48	7	6
서범석	12	1964/07/26	52	1999/07/01	3795	345	349	180	12	17
서인석	33	1968/11/20	47	2010/12/09	2059	188	201	447	42	42
서정하	43	1958/12/22	57	2004/09/01	2160	142	178	157	8	13
서홍수	24	1964/01/04	52	2008/09/24	1278	101	106	172	13	11
손영표	02	1966/11/14	49	2006/07/27	2156	194	186	222	16	11
송문길	40	1971/03/22	45	2013/07/01	620	80	72	242	38	41
신삼영	41	1963/11/06	52	2010/07/01	1136	117	102	199	19	25
심승태	37	1978/02/14	38	2012/05/04	927	80	102	271	24	29
안병기	22	1966/01/20	50	2008/07/01	2186	209	200	106	9	9
안해양	26	1961/07/24	55	1999/08/26	3413	336	288	171	6	9
양재철	46	1955/02/26	61	1986/07/30	6691	534	579	152	12	10
양희진	11	1976/02/01	40	2012/11/01	620	46	42	192	15	9
우창구	05	1963/04/28	53	2008/07/01	2033	210	166	283	32	26
유재길	23	1961/07/16	55	2000/04/07	4533	370	394	252	15	11
이관호	42	1966/08/21	50	2013/11/01	519	62	38	200	34	15
이신영	14	1980/04/12	36	2011/07/01	1228	186	109	284	30	28
이희영	13	1960/08/16	56	1986/12/04	7373	594	653	190	16	24
임봉춘	21	1959/04/14	57	2002/08/22	3593	273	293	309	21	34
정지은	30	1954/07/19	62	1982/09/24	8200	731	831	191	17	9
정호익	10	1965/03/08	51	2006/03/04	3182	290	333	316	29	24
지용철	49	1959/06/27	57	1986/11/20	10472	799	928	332	14	26
지용훈	09	1955/10/25	60	1987/06/26	8836	764	819	285	27	29
최봉주	16	1962/11/19	53	2007/03/08	1693	140	139	199	18	12
최상식	28	1960/02/25	56	1993/07/13	5234	387	428	176	8	9
최영주	03	1966/09/03	50	1997/11/19	4051	302	311	173	10	9
최용구	08	1965/10/08	50	2012/07/01	654	102	72	189	24	17
하재흥	35	1955/03/06	61	1983/06/05	9936	896	960	304	30	24
허재영	39	1977/08/15	39	2012/07/01	789	44	56	219	14	21
홍대유	06	1963/01/15	53	2006/07/01	2403	216	181	223	20	8
황영원	47	1967/09/06	49	2010/07/01	1078	67	76	207	8	12