곽영효	19	1961/09/24	55	1997/05/28	3907	439	397	136	13	12
구자흥	07	1963/08/07	53	2010/04/05	1110	109	127	176	19	23
김대근	48	1957/08/19	59	1986/07/30	7357	697	754	265	37	31
김동균	52	1975/08/24	41	2012/07/01	1155	94	95	328	20	24
김동철	53	1974/11/28	42	2016/03/16	133	4	12	133	4	12
김순근	45	1957/05/05	59	2002/06/01	3934	272	334	231	17	25
김양선	36	1955/03/01	61	1983/06/05	8841	898	898	218	20	23
김윤섭	32	1968/09/20	48	1998/07/02	4297	279	366	159	7	15
김점오	17	1959/05/20	57	1987/07/10	7725	722	728	235	29	23
김학수	44	1960/08/02	56	2004/04/07	2240	232	201	134	15	14
박대흥	18	1958/08/07	58	1997/05/28	5430	733	590	284	47	23
박병일	27	1964/04/26	52	2011/07/15	695	46	59	154	9	21
박윤규	04	1966/09/26	50	2004/07/01	2910	236	253	252	21	33
박재우	50	1970/01/02	47	2011/01/26	1343	174	142	266	38	39
박종곤	01	1962/08/26	54	1997/09/04	3489	306	311	171	33	18
박천서	54	1963/06/08	53	2003/03/05	3405	349	331	207	21	20
박흥진	38	1956/03/20	60	1984/01/01	8081	695	706	152	4	8
박희철	15	1961/06/26	55	2002/07/01	3960	342	363	262	19	20
배대선	20	1960/04/02	56	1995/06/26	6242	747	701	365	30	32
배휴준	29	1966/09/25	50	2005/07/01	3266	240	278	297	20	27
브라이	55	1958/04/13	58	2016/03/16	95	16	15	95	16	15
서범석	12	1964/07/26	52	1999/07/01	3860	352	355	183	14	13
서인석	33	1968/11/20	48	2010/12/09	2212	197	224	425	34	50
서정하	43	1958/12/22	58	2004/09/01	2223	144	182	164	7	11
서홍수	24	1964/01/04	53	2008/09/24	1334	103	109	168	11	8
손영표	02	1966/11/14	50	2006/07/27	2213	200	188	193	13	12
송문길	40	1971/03/22	45	2013/07/01	731	94	84	266	42	38
신삼영	41	1963/11/06	53	2010/07/01	1215	126	110	205	23	22
심승태	37	1978/02/14	38	2012/05/04	1049	93	112	286	29	26
안병기	22	1966/01/20	51	2008/07/01	2326	222	212	246	22	21
안해양	26	1961/07/24	55	1999/08/26	3472	338	290	149	4	9
양재철	46	1955/02/26	61	1986/07/30	6738	538	583	135	11	10
양희진	11	1976/02/01	41	2012/11/01	667	50	43	158	14	6
우창구	05	1963/04/28	53	2008/07/01	2123	219	181	266	29	31
유재길	23	1961/07/16	55	2000/04/07	4627	374	399	246	15	13
이관호	42	1966/08/21	50	2013/11/01	611	78	45	221	35	19
이신영	14	1980/04/12	36	2011/07/01	1341	201	113	285	35	21
이희영	13	1960/08/16	56	1986/12/04	7446	601	659	197	16	18
임봉춘	21	1959/04/14	57	2002/08/22	3713	282	306	312	25	40
정지은	30	1954/07/19	62	1982/09/24	8270	737	841	183	14	14
정호익	10	1965/03/08	51	2006/03/04	3302	309	346	307	38	29
지용철	49	1959/06/27	57	1986/11/20	10600	816	933	332	26	22
지용훈	09	1955/10/25	61	1987/06/26	8938	770	825	277	16	28
최봉주	16	1962/11/19	54	2007/03/08	1766	147	147	195	19	17
최상식	28	1960/02/25	56	1993/07/13	5302	394	435	168	13	14
최영주	03	1966/09/03	50	1997/11/19	4112	306	321	162	10	16
최용구	08	1965/10/08	51	2012/07/01	721	106	79	184	15	16
하재흥	35	1955/03/06	61	1983/06/05	10073	907	970	325	32	26
허재영	39	1977/08/15	39	2012/07/01	841	45	58	177	9	11
홍대유	06	1963/01/15	54	2006/07/01	2492	226	189	234	23	12
황영원	47	1967/09/06	49	2010/07/01	1146	71	79	202	10	12