곽영효	19	1961/09/24	54	1997/05/28	3846	436	391	131	18	13
구자흥	07	1963/08/07	53	2010/04/05	1033	101	117	184	22	24
김대근	48	1957/08/19	59	1986/07/30	7234	677	737	252	35	27
김동균	52	1975/08/24	41	2012/07/01	1019	85	83	322	21	23
김동철	53	1974/11/28	41	2016/03/16	65	1	6	65	1	6
김순근	45	1957/05/05	59	2002/06/01	3834	266	321	271	19	24
김양선	36	1955/03/01	61	1983/06/05	8748	889	890	242	22	25
김윤섭	32	1968/09/20	47	1998/07/02	4228	275	362	189	8	19
김점오	17	1959/05/20	57	1987/07/10	7613	713	720	242	30	30
김학수	44	1960/08/02	56	2004/04/07	2190	228	197	189	15	18
김호	51	1968/03/23	48	2006/12/14	2861	322	301	250	22	34
김효섭	31	1965/11/04	50	2009/07/01	1491	170	162	192	17	21
마이클	85	1970/01/01	46	2016/08/24	0	0	0	0	0	0
무하이	81	1970/01/01	46	2016/08/24	0	0	0	0	0	0
밀러드	86	1970/01/01	46	2016/08/24	0	0	0	0	0	0
박대흥	18	1958/08/07	58	1997/05/28	5297	711	576	285	40	22
박병일	27	1964/04/26	52	2011/07/15	631	42	52	154	9	18
박윤규	04	1966/09/26	49	2004/07/01	2791	224	236	254	18	26
박재우	50	1970/01/02	46	2011/01/26	1204	158	125	251	42	30
박종곤	01	1962/08/26	53	1997/09/04	3411	295	303	184	33	23
박천서	54	1963/06/08	53	2003/03/05	3312	341	323	241	25	25
박흥진	38	1956/03/20	60	1984/01/01	8016	693	704	158	5	7
박희철	15	1961/06/26	55	2002/07/01	3840	338	354	273	25	22
배대선	20	1960/04/02	56	1995/06/26	6064	732	686	342	36	33
배리	90	1970/01/01	46	2016/08/24	0	0	0	0	0	0
배휴준	29	1966/09/25	49	2005/07/01	3153	233	265	318	30	23
브라이	55	1958/04/13	58	2016/03/16	40	7	5	40	7	5
서범석	12	1964/07/26	52	1999/07/01	3783	345	349	179	13	18
서인석	33	1968/11/20	47	2010/12/09	2033	187	200	464	42	44
서정하	43	1958/12/22	57	2004/09/01	2146	140	178	162	6	13
서홍수	24	1964/01/04	52	2008/09/24	1266	101	106	172	14	11
손영표	02	1966/11/14	49	2006/07/27	2144	193	184	229	15	12
송문길	40	1971/03/22	45	2013/07/01	602	75	70	245	35	40
신삼영	41	1963/11/06	52	2010/07/01	1121	115	100	200	19	26
심승태	37	1978/02/14	38	2012/05/04	906	80	99	274	26	30
안병기	22	1966/01/20	50	2008/07/01	2164	208	196	84	8	5
안해양	26	1961/07/24	55	1999/08/26	3403	336	288	178	8	10
알라이	82	1970/01/01	46	2016/08/24	0	0	0	0	0	0
야스다	83	1970/01/01	46	2016/08/24	0	0	0	0	0	0
양재철	46	1955/02/26	61	1986/07/30	6684	532	578	156	10	9
양희진	11	1976/02/01	40	2012/11/01	611	46	42	202	16	10
오토나	89	1970/01/01	46	2016/08/24	0	0	0	0	0	0
우창구	05	1963/04/28	53	2008/07/01	2015	209	166	287	31	29
유재길	23	1961/07/16	55	2000/04/07	4514	368	394	257	13	14
이관호	42	1966/08/21	50	2013/11/01	504	60	36	202	32	15
이신영	14	1980/04/12	36	2011/07/01	1209	184	108	287	33	31
이희영	13	1960/08/16	56	1986/12/04	7361	592	653	195	17	26
임봉춘	21	1959/04/14	57	2002/08/22	3573	273	287	314	24	29
정지은	30	1954/07/19	62	1982/09/24	8187	729	830	198	15	9
정호익	10	1965/03/08	51	2006/03/04	3160	288	333	328	32	25
지용철	49	1959/06/27	57	1986/11/20	10452	798	928	336	13	26
지용훈	09	1955/10/25	60	1987/06/26	8822	764	819	295	29	34
최봉주	16	1962/11/19	53	2007/03/08	1680	138	139	205	17	12
최상식	28	1960/02/25	56	1993/07/13	5226	387	428	182	8	11
최영주	03	1966/09/03	49	1997/11/19	4041	301	310	175	10	8
최용구	08	1965/10/08	50	2012/07/01	638	101	70	189	26	16
키저	87	1970/01/01	46	2016/08/24	0	0	0	0	0	0
타카노	84	1970/01/01	46	2016/08/24	0	0	0	0	0	0
하재흥	35	1955/03/06	61	1983/06/05	9914	891	960	303	26	26
핼포드	88	1970/01/01	46	2016/08/24	0	0	0	0	0	0
허재영	39	1977/08/15	39	2012/07/01	780	44	54	231	15	23
홍대유	06	1963/01/15	53	2006/07/01	2388	215	180	231	21	7
황영원	47	1967/09/06	48	2010/07/01	1064	66	76	209	9	12