강명준	25	1964/11/10	51	2003/06/18	2099	151	146	141	3	9
곽영효	19	1961/09/24	54	1997/05/28	3803	427	386	128	10	14
구자흥	07	1963/08/07	52	2010/04/05	978	94	110	192	21	22
김대근	48	1957/08/19	58	1986/07/30	7155	667	728	241	26	25
김동균	52	1975/08/24	40	2012/07/01	901	78	77	297	21	24
김동철	53	1974/11/28	41	2016/03/16	7	0	1	7	0	1
김순근	45	1957/05/05	58	2002/06/01	3759	260	314	316	28	23
김양선	36	1955/03/01	61	1983/06/05	8678	883	881	244	24	21
김윤섭	32	1968/09/20	47	1998/07/02	4178	274	360	212	10	19
김점오	17	1959/05/20	56	1987/07/10	7544	700	715	243	22	36
김학수	44	1960/08/02	55	2004/04/07	2141	221	188	227	10	20
김호	51	1968/03/23	48	2006/12/14	2861	322	301	394	42	50
김효섭	31	1965/11/04	50	2009/07/01	1491	170	162	297	35	39
박대흥	18	1958/08/07	57	1997/05/28	5210	698	571	288	39	34
박병일	27	1964/04/26	52	2011/07/15	570	37	41	128	5	8
박윤규	04	1966/09/26	49	2004/07/01	2712	218	226	257	16	20
박재우	50	1970/01/02	46	2011/01/26	1130	144	113	270	40	28
박종곤	01	1962/08/26	53	1997/09/04	3352	277	299	187	23	23
박천서	54	1963/06/08	52	2003/03/05	3246	333	317	253	27	27
박흥진	38	1956/03/20	60	1984/01/01	7967	692	699	150	6	6
박희철	15	1961/06/26	54	2002/07/01	3755	327	346	280	23	18
배대선	20	1960/04/02	56	1995/06/26	5946	724	671	336	38	27
배휴준	29	1966/09/25	49	2005/07/01	3044	227	255	290	30	20
브라이	55	1958/04/13	58	2016/03/16	0	0	0	0	0	0
서범석	12	1964/07/26	51	1999/07/01	3716	343	345	163	13	19
서인석	33	1968/11/20	47	2010/12/09	1896	176	183	472	46	36
서정하	43	1958/12/22	57	2004/09/01	2087	139	172	164	11	12
서홍수	24	1964/01/04	52	2008/09/24	1210	95	104	163	13	14
손영표	02	1966/11/14	49	2006/07/27	2076	189	180	231	19	15
송문길	40	1971/03/22	45	2013/07/01	526	64	59	240	32	32
신삼영	41	1963/11/06	52	2010/07/01	1059	107	94	208	18	26
신우철	34	1952/08/12	63	1983/06/05	8688	1148	988	156	11	10
심승태	37	1978/02/14	38	2012/05/04	812	71	91	269	26	38
안병기	22	1966/01/20	50	2008/07/01	2081	200	191	1	0	0
안해양	26	1961/07/24	54	1999/08/26	3355	335	285	208	10	13
양재철	46	1955/02/26	61	1986/07/30	6635	529	573	165	9	9
양희진	11	1976/02/01	40	2012/11/01	558	43	41	213	16	17
우창구	05	1963/04/28	53	2008/07/01	1921	198	155	284	28	30
유재길	23	1961/07/16	54	2000/04/07	4439	363	388	274	13	10
이관호	42	1966/08/21	49	2013/11/01	439	49	30	195	25	13
이신영	14	1980/04/12	36	2011/07/01	1116	174	100	283	44	29
이희영	13	1960/08/16	55	1986/12/04	7297	587	646	198	23	23
임봉춘	21	1959/04/14	57	2002/08/22	3465	261	270	317	15	18
정지은	30	1954/07/19	61	1982/09/24	8131	724	827	199	14	12
정호익	10	1965/03/08	51	2006/03/04	3065	277	323	348	36	31
지용철	49	1959/06/27	56	1986/11/20	10349	794	921	339	13	27
지용훈	09	1955/10/25	60	1987/06/26	8734	760	808	309	37	36
최봉주	16	1962/11/19	53	2007/03/08	1621	128	132	222	10	9
최상식	28	1960/02/25	56	1993/07/13	5180	383	425	201	5	14
최영주	03	1966/09/03	49	1997/11/19	3990	301	307	179	12	7
최용구	08	1965/10/08	50	2012/07/01	581	96	66	201	36	21
하재흥	35	1955/03/06	61	1983/06/05	9816	882	952	287	23	22
허재영	39	1977/08/15	38	2012/07/01	718	40	48	263	17	22
홍대유	06	1963/01/15	53	2006/07/01	2314	206	178	221	15	10
황영원	47	1967/09/06	48	2010/07/01	998	64	70	204	10	12