강명준	25	1964/11/10	51	2003/06/18	2059	150	143	147	3	6
곽영효	19	1961/09/24	54	1997/05/28	3763	425	384	142	11	17
구자흥	07	1963/08/07	52	2010/04/05	916	86	102	194	24	22
김대근	48	1957/08/19	58	1986/07/30	7071	654	723	233	23	29
김동균	52	1975/08/24	40	2012/07/01	800	74	68	279	24	19
김순근	45	1957/05/05	58	2002/06/01	3677	255	307	343	28	23
김양선	36	1955/03/01	60	1983/06/05	8600	876	874	243	21	22
김윤섭	32	1968/09/20	47	1998/07/02	4125	270	349	222	10	16
김점오	17	1959/05/20	56	1987/07/10	7469	690	703	249	22	28
김학수	44	1960/08/02	55	2004/04/07	2087	217	186	232	8	21
김호	51	1968/03/23	47	2006/12/14	2753	314	285	421	47	48
김효섭	31	1965/11/04	50	2009/07/01	1398	158	153	299	38	45
박대흥	18	1958/08/07	57	1997/05/28	5120	685	563	281	37	35
박병일	27	1964/04/26	51	2011/07/15	528	36	37	132	6	5
박윤규	04	1966/09/26	49	2004/07/01	2639	214	219	267	16	15
박재우	50	1970/01/02	46	2011/01/26	1058	135	101	280	40	25
박종곤	01	1962/08/26	53	1997/09/04	3302	270	291	176	25	17
박천서	54	1963/06/08	52	2003/03/05	3181	328	310	258	26	27
박흥진	38	1956/03/20	59	1984/01/01	7915	691	697	149	8	7
박희철	15	1961/06/26	54	2002/07/01	3666	322	340	263	20	18
배대선	20	1960/04/02	55	1995/06/26	5855	715	664	360	49	35
배휴준	29	1966/09/25	49	2005/07/01	2948	218	249	261	23	19
서범석	12	1964/07/26	51	1999/07/01	3662	336	340	183	12	24
서인석	33	1968/11/20	47	2010/12/09	1745	158	170	462	43	38
서정하	43	1958/12/22	57	2004/09/01	2047	136	171	191	11	15
서홍수	24	1964/01/04	52	2008/09/24	1153	90	101	148	12	15
손영표	02	1966/11/14	49	2006/07/27	1998	186	175	229	22	12
송문길	40	1971/03/22	44	2013/07/01	446	51	43	228	30	19
신삼영	41	1963/11/06	52	2010/07/01	994	102	85	204	17	20
신우철	34	1952/08/12	63	1983/06/05	8641	1147	988	169	14	18
심승태	37	1978/02/14	37	2012/05/04	736	63	84	279	24	41
안병기	22	1966/01/20	49	2008/07/01	2080	200	191	111	9	14
안해양	26	1961/07/24	54	1999/08/26	3305	331	279	214	12	10
양재철	46	1955/02/26	60	1986/07/30	6587	526	572	173	9	10
양희진	11	1976/02/01	39	2012/11/01	491	33	36	214	13	18
우창구	05	1963/04/28	52	2008/07/01	1830	188	148	285	24	29
유재길	23	1961/07/16	54	2000/04/07	4356	358	385	271	15	17
이관호	42	1966/08/21	49	2013/11/01	377	41	26	187	22	10
이신영	14	1980/04/12	35	2011/07/01	1026	164	89	273	48	26
이희영	13	1960/08/16	55	1986/12/04	7236	583	640	192	26	25
임봉춘	21	1959/04/14	56	2002/08/22	3369	256	263	330	15	16
정지은	30	1954/07/19	61	1982/09/24	8069	721	827	192	16	18
정호익	10	1965/03/08	50	2006/03/04	2969	268	316	356	37	47
지용철	49	1959/06/27	56	1986/11/20	10237	787	908	352	7	19
지용훈	09	1955/10/25	60	1987/06/26	8633	754	797	306	40	32
최봉주	16	1962/11/19	53	2007/03/08	1550	125	130	205	9	9
최상식	28	1960/02/25	55	1993/07/13	5114	379	420	204	3	15
최영주	03	1966/09/03	49	1997/11/19	3934	295	305	176	7	6
최용구	08	1965/10/08	50	2012/07/01	518	88	61	205	38	20
하재흥	35	1955/03/06	60	1983/06/05	9721	871	940	285	21	21
허재영	39	1977/08/15	38	2012/07/01	641	34	43	254	15	19
홍대유	06	1963/01/15	52	2006/07/01	2237	199	177	215	11	11
황영원	47	1967/09/06	48	2010/07/01	921	61	65	183	8	9