곽영효	19	1961/09/24	55	1997/05/28	3859	438	392	136	18	13
구자흥	07	1963/08/07	53	2010/04/05	1051	103	118	186	22	22
김대근	48	1957/08/19	59	1986/07/30	7260	681	742	263	38	30
김동균	52	1975/08/24	41	2012/07/01	1051	89	89	329	23	27
김동철	53	1974/11/28	41	2016/03/16	80	1	7	80	1	7
김순근	45	1957/05/05	59	2002/06/01	3853	267	327	267	18	29
김양선	36	1955/03/01	61	1983/06/05	8768	889	892	241	20	26
김윤섭	32	1968/09/20	48	1998/07/02	4239	275	362	184	8	18
김점오	17	1959/05/20	57	1987/07/10	7641	717	722	246	31	29
김학수	44	1960/08/02	56	2004/04/07	2203	230	199	179	16	18
김호	51	1968/03/23	48	2006/12/14	2861	322	301	214	18	27
김효섭	31	1965/11/04	50	2009/07/01	1491	170	162	169	17	18
박대흥	18	1958/08/07	58	1997/05/28	5324	715	578	288	41	21
박병일	27	1964/04/26	52	2011/07/15	645	43	52	154	10	18
박윤규	04	1966/09/26	50	2004/07/01	2814	226	239	256	17	28
박재우	50	1970/01/02	46	2011/01/26	1231	161	130	253	41	34
박종곤	01	1962/08/26	54	1997/09/04	3424	298	306	175	33	22
박천서	54	1963/06/08	53	2003/03/05	3327	342	325	230	24	24
박흥진	38	1956/03/20	60	1984/01/01	8028	693	704	158	3	7
박희철	15	1961/06/26	55	2002/07/01	3870	339	356	275	22	21
배대선	20	1960/04/02	56	1995/06/26	6102	735	687	349	33	33
배휴준	29	1966/09/25	50	2005/07/01	3178	234	271	314	25	28
브라이	55	1958/04/13	58	2016/03/16	50	8	7	50	8	7
서범석	12	1964/07/26	52	1999/07/01	3798	345	349	183	12	17
서인석	33	1968/11/20	47	2010/12/09	2068	188	201	456	42	42
서정하	43	1958/12/22	57	2004/09/01	2162	142	178	159	8	13
서홍수	24	1964/01/04	52	2008/09/24	1284	101	107	178	13	12
손영표	02	1966/11/14	49	2006/07/27	2160	195	186	226	17	11
송문길	40	1971/03/22	45	2013/07/01	628	82	72	250	40	41
신삼영	41	1963/11/06	52	2010/07/01	1142	118	104	205	20	27
심승태	37	1978/02/14	38	2012/05/04	935	80	102	279	24	29
안병기	22	1966/01/20	50	2008/07/01	2197	209	201	117	9	10
안해양	26	1961/07/24	55	1999/08/26	3419	336	288	177	6	9
양재철	46	1955/02/26	61	1986/07/30	6695	534	579	156	12	10
양희진	11	1976/02/01	40	2012/11/01	622	46	42	194	15	9
우창구	05	1963/04/28	53	2008/07/01	2041	210	167	291	32	27
유재길	23	1961/07/16	55	2000/04/07	4539	370	394	258	15	11
이관호	42	1966/08/21	50	2013/11/01	524	64	38	205	36	15
이신영	14	1980/04/12	36	2011/07/01	1231	187	110	287	31	29
이희영	13	1960/08/16	56	1986/12/04	7380	596	653	197	18	24
임봉춘	21	1959/04/14	57	2002/08/22	3601	273	294	317	21	35
정지은	30	1954/07/19	62	1982/09/24	8206	731	831	197	17	9
정호익	10	1965/03/08	51	2006/03/04	3190	292	335	324	31	26
지용철	49	1959/06/27	57	1986/11/20	10478	800	928	338	15	26
지용훈	09	1955/10/25	60	1987/06/26	8843	764	820	292	27	30
최봉주	16	1962/11/19	53	2007/03/08	1697	140	139	203	18	12
최상식	28	1960/02/25	56	1993/07/13	5241	387	428	183	8	9
최영주	03	1966/09/03	50	1997/11/19	4054	302	311	176	10	9
최용구	08	1965/10/08	50	2012/07/01	656	102	72	191	24	17
하재흥	35	1955/03/06	61	1983/06/05	9947	899	961	315	33	25
허재영	39	1977/08/15	39	2012/07/01	793	44	56	223	14	21
홍대유	06	1963/01/15	53	2006/07/01	2409	217	181	229	21	8
황영원	47	1967/09/06	49	2010/07/01	1082	67	76	211	8	12