곽영효	19	1961/09/24	55	1997/05/28	3939	440	398	145	14	13
구자흥	07	1963/08/07	53	2010/04/05	1156	112	135	187	19	27
김대근	48	1957/08/19	59	1986/07/30	7396	703	760	257	41	33
김동균	52	1975/08/24	41	2012/07/01	1220	101	98	336	25	24
김동철	53	1974/11/28	42	2016/03/16	176	6	16	176	6	16
김순근	45	1957/05/05	59	2002/06/01	3975	275	338	231	17	25
김양선	36	1955/03/01	62	1983/06/05	8874	903	902	209	20	22
김윤섭	32	1968/09/20	48	1998/07/02	4332	280	371	164	6	14
김점오	17	1959/05/20	57	1987/07/10	7770	724	731	238	24	18
김학수	44	1960/08/02	56	2004/04/07	2253	233	202	118	14	14
박대흥	18	1958/08/07	58	1997/05/28	5492	745	598	296	50	29
박병일	27	1964/04/26	52	2011/07/15	733	48	62	172	11	21
박윤규	04	1966/09/26	50	2004/07/01	2961	241	258	260	24	32
박재우	50	1970/01/02	47	2011/01/26	1400	178	148	283	37	37
박종곤	01	1962/08/26	54	1997/09/04	3540	311	314	195	34	17
박천서	54	1963/06/08	53	2003/03/05	3447	356	335	213	23	18
박흥진	38	1956/03/20	61	1984/01/01	8114	695	707	157	4	9
박희철	15	1961/06/26	55	2002/07/01	4022	346	367	279	19	22
배대선	20	1960/04/02	57	1995/06/26	6302	751	704	375	28	34
배휴준	29	1966/09/25	50	2005/07/01	3313	244	280	293	21	27
브라이	55	1958/04/13	58	2016/03/16	123	24	18	123	24	18
서범석	12	1964/07/26	52	1999/07/01	3890	354	357	184	13	14
서인석	33	1968/11/20	48	2010/12/09	2312	210	232	447	36	53
서정하	43	1958/12/22	58	2004/09/01	2259	144	186	181	6	14
서홍수	24	1964/01/04	53	2008/09/24	1366	104	111	164	9	8
손영표	02	1966/11/14	50	2006/07/27	2235	200	188	174	12	8
송문길	40	1971/03/22	46	2013/07/01	797	111	87	287	50	32
신삼영	41	1963/11/06	53	2010/07/01	1254	128	114	206	21	22
심승태	37	1978/02/14	39	2012/05/04	1104	96	115	303	28	26
안병기	22	1966/01/20	51	2008/07/01	2392	227	221	312	27	30
안해양	26	1961/07/24	55	1999/08/26	3504	340	292	154	5	8
양재철	46	1955/02/26	62	1986/07/30	6762	538	588	131	9	15
양희진	11	1976/02/01	41	2012/11/01	684	50	44	137	8	4
우창구	05	1963/04/28	53	2008/07/01	2175	225	187	270	30	33
유재길	23	1961/07/16	55	2000/04/07	4680	380	401	253	19	13
이관호	42	1966/08/21	50	2013/11/01	663	83	53	236	37	24
이신영	14	1980/04/12	36	2011/07/01	1400	211	119	300	39	22
이희영	13	1960/08/16	56	1986/12/04	7487	603	661	202	17	17
임봉춘	21	1959/04/14	57	2002/08/22	3778	288	313	335	29	45
정지은	30	1954/07/19	62	1982/09/24	8300	739	842	181	15	15
정호익	10	1965/03/08	52	2006/03/04	3365	315	355	317	39	33
지용철	49	1959/06/27	57	1986/11/20	10663	823	940	331	30	20
지용훈	09	1955/10/25	61	1987/06/26	8993	773	828	275	15	22
최봉주	16	1962/11/19	54	2007/03/08	1816	150	153	207	22	21
최상식	28	1960/02/25	57	1993/07/13	5336	399	435	171	16	11
최영주	03	1966/09/03	50	1997/11/19	4145	308	324	164	8	17
최용구	08	1965/10/08	51	2012/07/01	757	109	82	184	15	17
하재흥	35	1955/03/06	62	1983/06/05	10146	911	975	347	32	25
허재영	39	1977/08/15	39	2012/07/01	870	45	58	163	5	10
홍대유	06	1963/01/15	54	2006/07/01	2550	227	199	249	21	21
황영원	47	1967/09/06	49	2010/07/01	1146	71	79	159	8	9