고성이	16	1974/05/10	41	1996/06/01	54	54	1932	91	103	0	0	0
권석원	미계약	1991/10/30	24	2013/06/01	52	52	446	33	25	110	3	3
김귀배	21	1962/12/18	53	1979/04/11	53	53	4094	308	304	121	3	8
김도중	05	1991/10/04	24	2015/06/18	50	50	86	1	6	86	1	6
김동수	37	1986/12/23	29	2014/06/05	49	49	561	44	55	355	27	37
김동철	49	1974/11/28	41	1995/07/01	52	52	4156	231	276	159	2	7
김석봉	19	1978/09/02	37	2002/09/13	53	53	1642	69	54	53	0	3
김영진	44	1978/08/17	37	2001/07/06	53	53	2011	119	128	70	1	2
김옥성	프	1967/04/05	48	1987/04/01	52	52	7232	513	583	349	17	14
김정준	미계약	1989/07/04	26	2010/06/09	51	52	1090	65	73	0	0	0
김철호	23	1987/07/20	28	2008/06/18	52	52	1330	106	94	288	28	17
김태훈	미계약	1995/07/17	20	2013/06/01	51	52	262	17	16	0	0	0
김혜선	프	1988/08/31	27	2009/06/01	51	51	2353	171	177	567	47	37
니콜라	프	1988/10/15	27	2015/10/16	54	54	41	4	3	41	4	3
다카하시	프	1987/04/14	28	2015/07/08	52	52	275	22	33	275	22	33
문세영	프	1980/09/04	35	2001/07/06	53	53	6101	1224	929	602	151	129
문정균	06	1973/12/06	42	1998/06/15	51	51	5154	378	459	114	3	7
박병윤	35	1987/04/24	28	2008/06/18	52	52	1432	85	118	259	14	14
박상우	미계약	1988/03/18	27	2009/06/01	51	51	1609	68	99	0	0	0
박시천	30	1983/01/11	33	2008/06/18	51	51	1316	50	61	86	1	1
박을운	39	1975/04/04	40	1998/06/15	53	53	2305	257	259	282	39	35
박종현	26	1985/11/17	30	2010/06/03	49	49	277	8	15	0	0	0
박태종	프	1965/12/20	50	1987/04/01	51	51	13154	1982	1805	662	73	64
박현우	36	1990/12/01	25	2012/06/07	52	52	1092	78	62	370	21	23
방춘식	01	1969/09/19	46	1990/06/01	52	52	4198	352	343	103	7	4
부민호	33	1985/06/03	30	2007/06/01	51	51	1218	96	77	68	3	1
서도수	39	1976/09/01	39	2002/09/13	52	52	1051	35	44	23	0	0
송재철	프	1990/10/24	25	2013/06/01	49	49	905	40	75	360	22	31
신대전	34	1974/03/07	41	1996/06/01	48	50	2171	58	71	33	1	1
신형철	32	1967/05/30	48	1988/04/01	54	54	6290	671	703	193	19	23
안효리	20	1989/06/04	26	2012/06/07	51	51	977	56	53	253	17	16
유미라	38	1984/03/11	31	2008/06/18	51	51	954	12	26	45	0	1
유승완	프	1985/12/17	30	2007/06/01	52	52	2520	193	188	565	51	48
유재필	11	1980/10/29	35	2001/07/06	51	51	1126	34	57	3	0	0
윤영민	28	1973/12/15	42	1996/06/01	52	52	1574	64	79	86	1	6
윤태혁	19	1979/01/03	37	1999/09/01	54	54	1544	103	139	54	4	9
이강서	미계약	1988/03/19	27	2010/06/09	51	52	892	49	48	0	0	0
이금주	14	1976/11/26	39	2001/07/06	48	48	945	26	51	75	1	1
이기회	27	1978/11/04	37	2004/06/02	52	52	2965	112	135	127	2	2
이동국	11	1979/11/23	36	2001/07/06	53	53	2986	206	238	65	0	1
이상혁	프	1983/03/16	32	2008/06/18	52	52	2770	241	248	389	29	29
이아나	27	1989/01/01	27	2011/08/24	50	50	927	45	42	210	5	3
이애리	28	1980/07/21	35	2002/09/13	51	51	1229	58	71	47	1	3
이준철	48	1980/02/23	35	1999/09/01	53	53	2402	171	203	218	18	24
이찬호	프	1992/05/27	23	2013/06/01	51	52	976	130	114	377	54	37
이해동	52	1988/03/23	27	2009/06/01	51	51	1054	47	51	62	0	2
이혁	프	1987/01/05	29	2011/08/24	51	51	1468	104	104	515	32	35
이현종	50	1993/08/24	22	2015/06/18	49	49	178	25	16	178	25	16
임기원	프	1980/10/10	35	2013/06/19	49	49	512	61	40	235	27	18
장추열	20	1988/09/11	27	2010/06/09	52	53	1867	155	174	321	45	36
전덕용	34	1980/03/04	35	2001/07/06	53	53	2276	136	155	157	4	10
정정희	23	1993/09/15	22	2014/06/05	49	49	431	17	23	222	12	10
정평수	09	1965/04/16	50	1987/04/01	52	52	4592	280	368	100	3	6
정현	18	1986/06/23	29	2015/06/18	51	51	34	2	4	34	2	4
조성곤	프	1982/01/23	33	2005/05/04	52	52	4221	662	576	461	101	69
조인권	미계약	1987/01/18	28	2008/06/18	52	52	2312	334	244	0	0	0
조재로	29	1993/09/29	22	2015/06/18	49	49	157	15	7	157	15	7
조한별	미계약	1991/02/04	24	2013/06/01	49	49	597	23	46	101	3	4
지하주	03	1974/04/10	41	1995/07/01	53	53	3128	254	266	109	8	9
최범현	05	1979/04/11	36	2001/07/06	53	53	5429	662	626	322	38	44
최원준	34	1984/08/28	31	2007/06/01	52	52	1743	73	111	90	4	3
페로비치	프	1981/07/17	34	2015/05/01	53	53	343	48	37	343	48	37
하정훈	41	1990/09/04	25	2015/06/18	49	49	83	4	1	83	4	1
한성열	52	1978/12/04	37	1999/09/01	52	52	2757	156	222	253	4	19
함완식	52	1978/01/01	38	1998/06/15	53	53	4797	599	592	382	50	59
황순도	01	1977/10/26	38	1998/06/15	52	52	2147	78	124	107	3	3
황종우	17	1982/07/18	33	2007/05/19	51	51	587	23	28	18	1	0