권석원	미계약	1991/10/30	25	2013/06/01	52	52	446	33	25	0	0	0
김귀배	21	1962/12/18	54	1979/04/11	52	52	4180	311	310	80	3	6
김동수	프	1986/12/23	30	2014/06/05	49	49	981	82	89	392	36	31
김옥성	21	1967/04/05	49	1987/04/01	52	52	7495	518	602	253	5	19
김용근	프	1982/02/12	35	2005/05/04	51	51	2858	462	377	447	77	61
김정준	32	1989/07/04	27	2010/06/09	51	52	1256	71	80	166	6	7
김철호	23	1987/07/20	29	2008/06/18	52	52	1588	126	119	251	20	24
김태훈	17	1995/07/17	21	2013/06/01	51	52	284	20	19	22	3	3
김혜선	53	1988/08/31	28	2009/06/01	51	51	2803	211	223	404	35	41
문세영	프	1980/09/04	36	2001/07/06	53	53	6632	1342	1007	474	108	69
문정균	06	1973/12/06	43	1998/06/15	51	51	5421	401	472	246	20	13
박병윤	35	1987/04/24	29	2008/06/18	52	52	1689	102	134	244	14	16
박상우	18	1988/03/18	28	2009/06/01	51	51	1671	69	105	62	1	6
박시천	30	1983/01/11	34	2008/06/18	51	51	1378	50	62	59	0	1
박을운	39	1975/04/04	41	1998/06/15	53	53	2554	294	296	222	32	33
박종현	26	1985/11/17	31	2010/06/03	49	49	277	8	15	0	0	0
박태종	프	1965/12/20	51	1987/04/01	51	51	13501	2014	1850	290	28	37
박현우	36	1990/12/01	26	2012/06/07	52	52	1282	92	75	170	12	13
방춘식	01	1969/09/19	47	1990/06/01	52	52	4276	354	348	71	2	3
벨리	프	1972/05/16	44	2016/08/28	52	52	185	10	10	185	10	10
부민호	15	1985/06/03	31	2007/06/01	52	52	1361	104	86	143	8	9
송재철	프	1990/10/24	26	2013/06/01	52	52	1471	80	117	531	38	41
신지	프	1980/09/18	36	2017/01/20	52	52	28	0	2	28	0	2
신형철	32	1967/05/30	49	1988/04/01	54	54	6352	680	715	53	9	7
안효리	37	1989/06/04	27	2012/06/07	51	51	1127	62	61	139	6	6
얀	프	1974/03/25	42	2016/12/21	53	53	61	3	7	61	3	7
유승완	프	1985/12/17	31	2007/06/01	52	52	2969	229	225	395	30	34
윤영민	28	1973/12/15	43	1996/06/01	52	52	1655	70	86	72	6	6
윤태혁	19	1979/01/03	38	1999/09/01	54	54	1623	112	145	79	9	6
이강서	20	1988/03/19	28	2010/06/09	51	52	919	49	49	27	0	1
이기회	27	1978/11/04	38	2004/06/02	52	52	3082	115	145	103	3	10
이동국	11	1979/11/23	37	2001/07/06	53	52	3139	210	241	144	4	3
이동하	35	1994/07/28	22	2016/06/18	48	48	152	12	13	152	12	13
이상혁	30	1983/03/16	33	2008/06/18	52	52	3090	276	274	276	33	23
이아나	27	1989/01/01	28	2011/08/24	50	50	1044	52	46	102	7	4
이애리	28	1980/07/21	36	2002/09/13	51	51	1232	58	71	3	0	0
이준철	48	1980/02/23	36	1999/09/01	53	53	2574	190	227	161	17	23
이철경	33	1988/08/25	28	2016/06/18	49	49	149	9	15	149	9	15
이해동	52	1988/03/23	28	2009/06/01	51	51	1182	51	56	110	4	4
이혁	프	1987/01/05	30	2011/08/24	51	51	2061	148	146	543	40	41
이현종	18	1993/08/24	23	2015/06/18	49	49	524	72	48	320	43	30
임기원	프	1980/10/10	36	2013/06/19	49	49	1006	120	89	458	56	46
장추열	20	1988/09/11	28	2010/06/09	52	53	2074	175	190	179	16	14
전덕용	39	1980/03/04	36	2001/07/06	53	53	2332	140	161	51	4	6
정정희	23	1993/09/15	23	2014/06/05	49	49	726	36	45	265	16	20
정평수	09	1965/04/16	51	1987/04/01	52	52	4701	283	373	91	3	5
조재로	29	1993/09/29	23	2015/06/18	49	49	489	47	45	299	28	34
조한별	미계약	1991/02/04	26	2013/06/01	49	49	597	23	46	0	0	0
지하주	03	1974/04/10	42	1995/07/01	51	51	3210	257	270	74	3	4
최범현	05	1979/04/11	37	2001/07/06	53	53	5689	704	662	240	41	34
최원준	53	1984/08/28	32	2007/06/01	52	52	1827	75	112	74	1	1
칼슨	프	1991/12/16	25	2017/01/20	52	52	20	2	2	20	2	2
페로비치	프	1981/07/17	35	2015/05/01	53	53	855	135	116	457	80	70
하정훈	54	1990/09/04	26	2015/06/18	49	49	392	22	28	284	16	26
한성열	52	1978/12/04	38	1999/09/01	52	52	2831	158	224	67	2	1
황순도	01	1977/10/26	39	1998/06/15	52	52	2187	82	126	36	4	1
황종우	17	1982/07/18	34	2007/05/19	51	51	690	25	32	87	2	4