권석원	미계약	1991/10/30	24	2013/06/01	52	52	446	33	25	0	0	0
김귀배	21	1962/12/18	53	1979/04/11	52	52	4134	310	307	69	3	5
김도중	52	1991/10/04	25	2015/06/18	51	51	218	2	13	163	1	10
김동수	프	1986/12/23	29	2014/06/05	49	49	823	63	81	355	28	38
김옥성	프	1967/04/05	49	1987/04/01	52	52	7433	517	599	264	7	18
김정준	32	1989/07/04	27	2010/06/09	51	52	1157	69	74	67	4	1
김철호	23	1987/07/20	29	2008/06/18	52	52	1496	118	109	166	12	15
김태훈	미계약	1995/07/17	21	2013/06/01	51	52	262	17	16	0	0	0
김혜선	프	1988/08/31	28	2009/06/01	51	51	2680	200	211	475	37	42
문세영	프	1980/09/04	36	2001/07/06	53	53	6467	1311	980	525	115	88
문정균	06	1973/12/06	42	1998/06/15	51	51	5330	393	465	232	17	10
박병윤	35	1987/04/24	29	2008/06/18	52	52	1605	98	128	254	17	12
박상우	18	1988/03/18	28	2009/06/01	51	51	1625	69	100	16	1	1
박시천	30	1983/01/11	33	2008/06/18	51	51	1355	50	61	53	0	0
박을운	39	1975/04/04	41	1998/06/15	53	53	2468	286	286	237	36	37
박종현	26	1985/11/17	30	2010/06/03	49	49	277	8	15	0	0	0
박태종	프	1965/12/20	50	1987/04/01	51	51	13501	2014	1850	521	47	61
박현우	36	1990/12/01	25	2012/06/07	52	52	1235	89	71	220	19	13
방춘식	01	1969/09/19	47	1990/06/01	52	52	4245	354	347	81	3	4
벨리	프	1972/05/16	44	2016/08/28	52	52	22	1	0	22	1	0
부민호	33	1985/06/03	31	2007/06/01	52	52	1283	98	81	110	3	4
송재철	프	1990/10/24	25	2013/06/01	52	52	1355	66	103	565	31	36
신형철	32	1967/05/30	49	1988/04/01	54	54	6352	680	715	116	14	17
안효리	37	1989/06/04	27	2012/06/07	51	51	1071	60	59	157	10	10
유승완	프	1985/12/17	30	2007/06/01	52	52	2824	215	217	471	36	41
윤영민	28	1973/12/15	42	1996/06/01	52	52	1629	70	83	81	6	5
윤태혁	19	1979/01/03	37	1999/09/01	54	54	1602	109	140	65	8	2
이강서	20	1988/03/19	28	2010/06/09	51	52	892	49	48	0	0	0
이기회	27	1978/11/04	37	2004/06/02	52	52	3045	115	141	109	4	7
이동국	11	1979/11/23	36	2001/07/06	53	52	3056	206	240	85	0	3
이동하	35	1994/07/28	22	2016/06/18	48	48	52	5	2	52	5	2
이상혁	30	1983/03/16	33	2008/06/18	52	52	3006	266	267	381	35	30
이아나	27	1989/01/01	27	2011/08/24	50	50	997	48	44	124	4	3
이애리	28	1980/07/21	36	2002/09/13	51	51	1229	58	71	6	0	0
이준철	48	1980/02/23	36	1999/09/01	53	53	2519	185	219	168	20	21
이찬호	프	1992/05/27	24	2013/06/01	51	52	1292	173	154	462	62	54
이철경	33	1988/08/25	28	2016/06/18	49	49	33	1	2	33	1	2
이해동	52	1988/03/23	28	2009/06/01	51	51	1161	51	55	158	4	6
이혁	프	1987/01/05	29	2011/08/24	51	51	1869	133	137	523	39	41
이현종	50	1993/08/24	23	2015/06/18	49	49	413	61	37	335	53	30
임기원	프	1980/10/10	35	2013/06/19	49	49	828	95	75	425	47	41
임란	프	1977/02/01	39	2016/04/16	50	50	200	16	14	200	16	14
장추열	20	1988/09/11	28	2010/06/09	52	53	1946	162	178	162	17	13
전덕용	39	1980/03/04	36	2001/07/06	53	53	2314	140	159	60	4	6
정정희	23	1993/09/15	23	2014/06/05	49	49	618	29	36	202	12	13
정평수	09	1965/04/16	51	1987/04/01	52	52	4693	282	373	117	3	5
정현	07	1986/06/23	30	2015/06/18	51	51	47	4	4	47	4	4
조성곤	프	1982/01/23	34	2005/05/04	52	52	4551	703	602	438	60	43
조인권	프	1987/01/18	29	2008/06/18	52	52	2508	349	266	196	15	22
조재로	29	1993/09/29	23	2015/06/18	49	49	377	38	37	319	34	35
조한별	미계약	1991/02/04	25	2013/06/01	49	49	597	23	46	0	0	0
지하주	03	1974/04/10	42	1995/07/01	53	53	3161	254	266	76	5	4
최범현	05	1979/04/11	37	2001/07/06	53	53	5588	686	649	230	33	34
최원준	53	1984/08/28	32	2007/06/01	52	52	1808	75	112	101	4	1
페로비치	프	1981/07/17	35	2015/05/01	53	53	614	89	80	421	65	64
하정훈	41	1990/09/04	26	2015/06/18	49	49	301	17	21	273	15	21
한성열	52	1978/12/04	37	1999/09/01	52	52	2831	158	224	118	2	4
함완식	프	1978/01/01	38	1998/06/15	53	53	4972	623	620	254	35	38
황순도	01	1977/10/26	38	1998/06/15	52	52	2172	81	126	44	4	4
황종우	17	1982/07/18	34	2007/05/19	51	51	658	24	30	78	1	2