권석원	미계약	1991/10/30	25	2013/06/01	52	52	446	33	25	0	0	0
김귀배	21	1962/12/18	53	1979/04/11	52	52	4145	310	307	62	3	3
김도중	52	1991/10/04	25	2015/06/18	51	51	218	2	13	133	1	7
김동수	프	1986/12/23	29	2014/06/05	49	49	889	70	83	374	28	34
김옥성	프	1967/04/05	49	1987/04/01	52	52	7474	518	601	281	7	18
김정준	32	1989/07/04	27	2010/06/09	51	52	1190	70	77	100	5	4
김철호	23	1987/07/20	29	2008/06/18	52	52	1528	120	112	198	14	18
김태훈	미계약	1995/07/17	21	2013/06/01	51	52	262	17	16	0	0	0
김혜선	프	1988/08/31	28	2009/06/01	51	51	2732	205	216	444	39	40
문세영	프	1980/09/04	36	2001/07/06	53	53	6538	1325	991	495	110	74
문정균	06	1973/12/06	42	1998/06/15	51	51	5373	396	469	262	20	14
박병윤	35	1987/04/24	29	2008/06/18	52	52	1637	100	131	242	17	13
박상우	18	1988/03/18	28	2009/06/01	51	51	1644	69	101	35	1	2
박시천	30	1983/01/11	33	2008/06/18	51	51	1363	50	61	57	0	0
박을운	39	1975/04/04	41	1998/06/15	53	53	2497	289	290	236	38	40
박종현	26	1985/11/17	31	2010/06/03	49	49	277	8	15	0	0	0
박태종	프	1965/12/20	50	1987/04/01	51	51	13501	2014	1850	428	40	54
박현우	36	1990/12/01	25	2012/06/07	52	52	1253	89	73	203	15	12
방춘식	01	1969/09/19	47	1990/06/01	52	52	4255	354	348	72	3	5
벨리	프	1972/05/16	44	2016/08/28	52	52	78	4	1	78	4	1
부민호	33	1985/06/03	31	2007/06/01	52	52	1305	98	83	95	2	6
송재철	프	1990/10/24	26	2013/06/01	52	52	1430	75	113	588	35	41
신형철	32	1967/05/30	49	1988/04/01	54	54	6352	680	715	85	10	14
안효리	37	1989/06/04	27	2012/06/07	51	51	1094	61	60	139	8	9
유승완	프	1985/12/17	30	2007/06/01	52	52	2865	219	221	433	33	40
윤영민	28	1973/12/15	42	1996/06/01	52	52	1636	70	83	78	6	5
윤태혁	19	1979/01/03	37	1999/09/01	54	54	1607	109	142	64	6	3
이강서	20	1988/03/19	28	2010/06/09	51	52	918	49	49	26	0	1
이기회	27	1978/11/04	38	2004/06/02	52	52	3058	115	143	108	4	8
이동국	11	1979/11/23	37	2001/07/06	53	52	3080	209	240	103	3	2
이동하	35	1994/07/28	22	2016/06/18	48	48	91	9	9	91	9	9
이상혁	30	1983/03/16	33	2008/06/18	52	52	3037	270	269	340	32	24
이아나	27	1989/01/01	27	2011/08/24	50	50	1003	49	44	107	5	3
이애리	28	1980/07/21	36	2002/09/13	51	51	1229	58	71	0	0	0
이준철	48	1980/02/23	36	1999/09/01	53	53	2534	187	221	155	19	22
이철경	33	1988/08/25	28	2016/06/18	49	49	77	1	5	77	1	5
이해동	52	1988/03/23	28	2009/06/01	51	51	1171	51	56	147	4	5
이혁	프	1987/01/05	29	2011/08/24	51	51	1923	135	141	520	36	39
이현종	50	1993/08/24	23	2015/06/18	49	49	462	68	43	340	53	33
임기원	프	1980/10/10	36	2013/06/19	49	49	877	103	79	426	47	44
임란	프	1977/02/01	39	2016/04/16	50	50	267	20	15	267	20	15
장추열	20	1988/09/11	28	2010/06/09	52	53	1992	169	183	166	22	13
전덕용	39	1980/03/04	36	2001/07/06	53	53	2319	140	159	53	4	4
정정희	23	1993/09/15	23	2014/06/05	49	49	661	31	37	245	14	14
정평수	09	1965/04/16	51	1987/04/01	52	52	4701	283	373	125	4	5
정현	07	1986/06/23	30	2015/06/18	51	51	47	4	4	25	4	0
조성곤	프	1982/01/23	34	2005/05/04	52	52	4606	709	609	430	53	40
조인권	프	1987/01/18	29	2008/06/18	52	52	2565	355	276	253	21	32
조재로	29	1993/09/29	23	2015/06/18	49	49	420	42	39	313	34	35
조한별	미계약	1991/02/04	25	2013/06/01	49	49	597	23	46	0	0	0
지하주	03	1974/04/10	42	1995/07/01	51	51	3174	255	268	58	2	3
최범현	05	1979/04/11	37	2001/07/06	53	53	5635	696	655	242	38	35
최원준	53	1984/08/28	32	2007/06/01	52	52	1815	75	112	83	2	1
페로비치	프	1981/07/17	35	2015/05/01	53	53	707	106	97	449	69	77
하정훈	54	1990/09/04	26	2015/06/18	49	49	328	19	23	279	17	22
한성열	52	1978/12/04	37	1999/09/01	52	52	2831	158	224	92	2	3
함완식	프	1978/01/01	38	1998/06/15	53	53	5023	629	628	270	35	42
황순도	01	1977/10/26	39	1998/06/15	52	52	2177	82	126	39	5	3
황종우	17	1982/07/18	34	2007/05/19	51	51	667	24	30	87	1	2