고성이	16	1974/05/10	41	1996/06/01	54	54	1932	91	103	0	0	0
권석원	미계약	1991/10/30	24	2013/06/01	52	52	446	33	25	82	3	3
김귀배	21	1962/12/18	53	1979/04/11	53	53	4103	308	304	100	3	5
김도중	05	1991/10/04	24	2015/06/18	50	50	120	1	9	120	1	9
김동수	37	1986/12/23	29	2014/06/05	49	49	617	49	59	343	24	38
김석봉	19	1978/09/02	37	2002/09/13	53	53	1645	69	54	35	0	2
김영진	44	1978/08/17	37	2001/07/06	53	53	2011	119	128	40	0	2
김옥성	프	1967/04/05	48	1987/04/01	52	52	7268	514	586	373	18	17
김정준	미계약	1989/07/04	26	2010/06/09	51	52	1090	65	73	0	0	0
김철호	23	1987/07/20	28	2008/06/18	52	52	1358	108	98	254	21	15
김태훈	미계약	1995/07/17	20	2013/06/01	51	52	262	17	16	0	0	0
김혜선	프	1988/08/31	27	2009/06/01	51	51	2425	179	183	531	42	37
다카하시	프	1987/04/14	28	2015/07/08	52	52	385	25	38	385	25	38
딘홀랜드	미계약	1988/09/12	27	2016/03/01	0 	0 	0	0	0	0	0	0
문세영	프	1980/09/04	35	2001/07/06	53	53	6201	1246	946	609	143	128
문정균	06	1973/12/06	42	1998/06/15	51	51	5203	383	460	105	7	5
박병윤	35	1987/04/24	28	2008/06/18	52	52	1461	88	120	233	12	14
박상우	미계약	1988/03/18	27	2009/06/01	51	51	1609	68	99	0	0	0
박시천	30	1983/01/11	33	2008/06/18	51	51	1322	50	61	62	1	0
박을운	39	1975/04/04	40	1998/06/15	53	53	2353	266	266	275	38	36
박종현	26	1985/11/17	30	2010/06/03	49	49	277	8	15	0	0	0
박태종	프	1965/12/20	50	1987/04/01	51	51	13256	1987	1816	641	61	59
박현우	36	1990/12/01	25	2012/06/07	52	52	1133	81	62	308	21	18
방춘식	01	1969/09/19	46	1990/06/01	52	52	4221	352	346	126	7	7
부민호	33	1985/06/03	30	2007/06/01	52	52	1230	96	77	80	3	1
서도수	39	1976/09/01	39	2002/09/13	52	52	1053	35	44	21	0	0
송재철	프	1990/10/24	25	2013/06/01	49	49	993	44	81	383	23	33
신대전	34	1974/03/07	42	1996/06/01	48	50	2174	58	71	26	1	0
신형철	32	1967/05/30	48	1988/04/01	54	54	6311	674	708	180	21	26
안효리	20	1989/06/04	26	2012/06/07	51	51	997	56	55	229	17	15
유미라	38	1984/03/11	32	2008/06/18	51	51	958	12	26	39	0	1
유승완	프	1985/12/17	30	2007/06/01	52	52	2613	201	195	547	52	44
유재필	11	1980/10/29	35	2001/07/06	51	51	1126	34	57	3	0	0
윤영민	28	1973/12/15	42	1996/06/01	52	52	1588	64	81	82	0	6
윤태혁	19	1979/01/03	37	1999/09/01	54	54	1549	103	139	55	4	8
이강서	미계약	1988/03/19	27	2010/06/09	51	52	892	49	48	0	0	0
이금주	14	1976/11/26	39	2001/07/06	48	48	954	27	51	60	2	1
이기회	27	1978/11/04	37	2004/06/02	52	52	2990	112	135	118	2	2
이동국	11	1979/11/23	36	2001/07/06	53	53	3003	206	238	66	0	1
이상혁	프	1983/03/16	33	2008/06/18	52	52	2838	243	255	411	27	35
이아나	27	1989/01/01	27	2011/08/24	50	50	952	47	43	192	5	3
이애리	28	1980/07/21	35	2002/09/13	51	51	1229	58	71	35	0	2
이준철	48	1980/02/23	36	1999/09/01	53	53	2422	173	206	180	13	23
이찬호	프	1992/05/27	23	2013/06/01	51	52	1008	134	119	400	58	41
이해동	52	1988/03/23	27	2009/06/01	51	51	1085	47	52	93	0	3
이혁	프	1987/01/05	29	2011/08/24	51	51	1567	109	109	547	32	38
이현종	50	1993/08/24	22	2015/06/18	49	49	230	34	20	230	34	20
임기원	프	1980/10/10	35	2013/06/19	49	49	605	70	46	328	36	24
장추열	20	1988/09/11	27	2010/06/09	52	53	1908	161	177	287	41	29
전덕용	34	1980/03/04	36	2001/07/06	53	53	2290	139	156	150	6	9
정정희	23	1993/09/15	22	2014/06/05	49	49	480	20	26	202	12	9
정평수	09	1965/04/16	50	1987/04/01	52	52	4624	280	369	88	2	4
정현	18	1986/06/23	29	2015/06/18	51	51	41	4	4	41	4	4
조성곤	프	1982/01/23	34	2005/05/04	52	52	4334	672	583	474	84	64
조인권	미계약	1987/01/18	29	2008/06/18	52	52	2312	334	244	0	0	0
조재로	29	1993/09/29	22	2015/06/18	49	49	209	21	13	209	21	13
조한별	미계약	1991/02/04	25	2013/06/01	49	49	597	23	46	101	3	4
지하주	03	1974/04/10	41	1995/07/01	53	53	3143	254	266	124	8	9
최범현	05	1979/04/11	36	2001/07/06	53	53	5465	665	630	289	35	43
최원준	34	1984/08/28	31	2007/06/01	52	52	1761	75	112	84	5	4
페로비치	프	1981/07/17	34	2015/05/01	53	53	448	65	55	448	65	55
하정훈	41	1990/09/04	25	2015/06/18	49	49	135	7	4	135	7	4
한성열	52	1978/12/04	37	1999/09/01	52	52	2776	157	224	204	4	17
함완식	52	1978/01/01	38	1998/06/15	53	53	4840	605	599	344	47	55
황순도	01	1977/10/26	38	1998/06/15	52	52	2156	78	125	100	3	4
황종우	17	1982/07/18	33	2007/05/19	51	51	615	23	29	45	1	1