고성이	16	1974/05/10	41	1996/06/01	54	54	1932	91	103	0	0	0
권석원	미계약	1991/10/30	24	2013/06/01	52	52	446	33	25	66	2	2
김귀배	21	1962/12/18	53	1979/04/11	53	53	4111	308	304	91	3	5
김도중	52	1991/10/04	24	2015/06/18	50	50	143	2	10	143	2	10
김동수	37	1986/12/23	29	2014/06/05	49	49	645	50	63	336	25	37
김석봉	19	1978/09/02	37	2002/09/13	53	53	1647	69	54	26	0	2
김영진	44	1978/08/17	37	2001/07/06	53	53	2011	119	128	37	0	2
김옥성	프	1967/04/05	49	1987/04/01	52	52	7297	514	590	336	16	18
김정준	미계약	1989/07/04	26	2010/06/09	51	52	1090	65	73	0	0	0
김철호	23	1987/07/20	28	2008/06/18	52	52	1385	110	100	217	16	15
김태훈	미계약	1995/07/17	20	2013/06/01	51	52	262	17	16	0	0	0
김혜선	프	1988/08/31	27	2009/06/01	51	51	2460	186	183	507	42	34
딘홀랜드	프	1988/09/12	27	2016/03/01	49	49	37	2	1	37	2	1
문세영	프	1980/09/04	35	2001/07/06	53	53	6250	1258	955	593	136	124
문정균	06	1973/12/06	42	1998/06/15	51	51	5229	386	460	131	10	5
박병윤	35	1987/04/24	28	2008/06/18	52	52	1486	89	122	233	12	13
박상우	미계약	1988/03/18	28	2009/06/01	51	51	1609	68	99	0	0	0
박시천	30	1983/01/11	33	2008/06/18	51	51	1327	50	61	64	1	0
박을운	39	1975/04/04	41	1998/06/15	53	53	2375	269	269	263	36	29
박종현	26	1985/11/17	30	2010/06/03	49	49	277	8	15	0	0	0
박태종	프	1965/12/20	50	1987/04/01	51	51	13311	1994	1825	616	59	58
박현우	36	1990/12/01	25	2012/06/07	52	52	1153	83	63	268	19	15
방춘식	01	1969/09/19	46	1990/06/01	52	52	4228	352	347	133	7	8
부민호	33	1985/06/03	30	2007/06/01	52	52	1248	97	78	98	4	2
서도수	39	1976/09/01	39	2002/09/13	52	52	1053	35	44	18	0	0
송재철	프	1990/10/24	25	2013/06/01	49	49	1057	48	86	412	24	37
신대전	34	1974/03/07	42	1996/06/01	48	50	2177	58	71	20	1	0
신형철	32	1967/05/30	48	1988/04/01	54	54	6328	677	710	175	23	23
안효리	20	1989/06/04	26	2012/06/07	51	51	1021	58	55	224	17	12
유미라	38	1984/03/11	32	2008/06/18	51	51	958	12	26	36	0	1
유승완	프	1985/12/17	30	2007/06/01	52	52	2656	203	201	530	50	44
유재필	11	1980/10/29	35	2001/07/06	51	51	1126	34	57	3	0	0
윤영민	28	1973/12/15	42	1996/06/01	52	52	1595	65	81	76	1	6
윤태혁	19	1979/01/03	37	1999/09/01	54	54	1559	105	139	53	5	7
이강서	미계약	1988/03/19	28	2010/06/09	51	52	892	49	48	0	0	0
이금주	14	1976/11/26	39	2001/07/06	48	48	960	27	51	54	2	1
이기회	27	1978/11/04	37	2004/06/02	52	52	3007	113	137	108	3	4
이동국	11	1979/11/23	36	2001/07/06	53	52	3022	206	239	73	0	2
이상혁	프	1983/03/16	33	2008/06/18	52	52	2877	248	257	420	28	37
이아나	27	1989/01/01	27	2011/08/24	50	50	962	48	43	178	6	2
이애리	28	1980/07/21	35	2002/09/13	51	51	1229	58	71	23	0	0
이준철	48	1980/02/23	36	1999/09/01	53	53	2440	173	206	172	13	17
이찬호	프	1992/05/27	23	2013/06/01	51	52	1054	137	128	439	61	50
이해동	52	1988/03/23	28	2009/06/01	51	51	1095	48	53	103	1	4
이혁	프	1987/01/05	29	2011/08/24	51	51	1625	112	116	545	34	40
이현종	50	1993/08/24	22	2015/06/18	49	49	268	38	24	268	38	24
임기원	프	1980/10/10	35	2013/06/19	49	49	665	77	52	388	43	30
장추열	20	1988/09/11	27	2010/06/09	52	53	1908	161	177	254	32	27
전덕용	34	1980/03/04	36	2001/07/06	53	53	2302	139	159	129	5	10
정정희	23	1993/09/15	22	2014/06/05	49	49	509	22	27	203	12	8
정평수	09	1965/04/16	51	1987/04/01	52	52	4639	281	369	93	2	3
정현	18	1986/06/23	29	2015/06/18	51	51	44	4	4	44	4	4
조성곤	프	1982/01/23	34	2005/05/04	52	52	4391	683	587	482	86	64
조인권	미계약	1987/01/18	29	2008/06/18	52	52	2312	334	244	0	0	0
조재로	29	1993/09/29	22	2015/06/18	49	49	237	24	16	237	24	16
조한별	미계약	1991/02/04	25	2013/06/01	49	49	597	23	46	101	3	4
지하주	03	1974/04/10	42	1995/07/01	53	53	3145	254	266	126	8	9
최범현	05	1979/04/11	37	2001/07/06	53	53	5493	668	635	266	30	44
최원준	34	1984/08/28	31	2007/06/01	52	52	1774	75	112	91	5	4
페로비치	프	1981/07/17	34	2015/05/01	53	53	488	68	58	488	68	58
하정훈	41	1990/09/04	25	2015/06/18	49	49	164	10	6	164	10	6
한성열	52	1978/12/04	37	1999/09/01	52	52	2790	157	224	185	4	16
함완식	52	1978/01/01	38	1998/06/15	53	53	4863	609	604	310	44	53
황순도	01	1977/10/26	38	1998/06/15	52	52	2158	79	125	90	3	3
황종우	17	1982/07/18	33	2007/05/19	51	51	620	23	30	45	1	2