고성이	16	1974/05/10	41	1996/06/01	54	54	1932	91	103	0	0	0
권석원	미계약	1991/10/30	24	2013/06/01	52	52	446	33	25	72	3	3
김귀배	21	1962/12/18	53	1979/04/11	53	53	4109	308	304	93	3	5
김도중	05	1991/10/04	24	2015/06/18	50	50	134	1	10	134	1	10
김동수	37	1986/12/23	29	2014/06/05	49	49	632	49	62	332	24	39
김석봉	19	1978/09/02	37	2002/09/13	53	53	1647	69	54	29	0	2
김영진	44	1978/08/17	37	2001/07/06	53	53	2011	119	128	37	0	2
김옥성	프	1967/04/05	49	1987/04/01	52	52	7275	514	586	344	16	14
김정준	미계약	1989/07/04	26	2010/06/09	51	52	1090	65	73	0	0	0
김철호	23	1987/07/20	28	2008/06/18	52	52	1379	109	100	239	17	17
김태훈	미계약	1995/07/17	20	2013/06/01	51	52	262	17	16	0	0	0
김혜선	프	1988/08/31	27	2009/06/01	51	51	2451	184	183	513	42	35
딘홀랜드	프	1988/09/12	27	2016/03/01	49	49	18	1	0	18	1	0
문세영	프	1980/09/04	35	2001/07/06	53	53	6221	1253	951	582	138	124
문정균	06	1973/12/06	42	1998/06/15	51	51	5219	384	460	121	8	5
박병윤	35	1987/04/24	28	2008/06/18	52	52	1474	89	121	229	12	12
박상우	미계약	1988/03/18	28	2009/06/01	51	51	1609	68	99	0	0	0
박시천	30	1983/01/11	33	2008/06/18	51	51	1326	50	61	66	1	0
박을운	39	1975/04/04	41	1998/06/15	53	53	2361	268	268	263	36	31
박종현	26	1985/11/17	30	2010/06/03	49	49	277	8	15	0	0	0
박태종	프	1965/12/20	50	1987/04/01	51	51	13293	1993	1819	629	62	56
박현우	36	1990/12/01	25	2012/06/07	52	52	1147	82	62	287	19	15
방춘식	01	1969/09/19	46	1990/06/01	52	52	4228	352	347	133	7	8
부민호	33	1985/06/03	30	2007/06/01	52	52	1240	97	78	90	4	2
서도수	39	1976/09/01	39	2002/09/13	52	52	1053	35	44	20	0	0
송재철	프	1990/10/24	25	2013/06/01	49	49	1033	46	84	401	24	35
신대전	34	1974/03/07	42	1996/06/01	48	50	2175	58	71	20	1	0
신형철	32	1967/05/30	48	1988/04/01	54	54	6320	676	710	176	23	26
안효리	20	1989/06/04	26	2012/06/07	51	51	1012	58	55	227	17	13
유미라	38	1984/03/11	32	2008/06/18	51	51	958	12	26	36	0	1
유승완	프	1985/12/17	30	2007/06/01	52	52	2644	203	199	546	52	45
유재필	11	1980/10/29	35	2001/07/06	51	51	1126	34	57	3	0	0
윤영민	28	1973/12/15	42	1996/06/01	52	52	1593	65	81	80	1	6
윤태혁	19	1979/01/03	37	1999/09/01	54	54	1555	104	139	53	5	7
이강서	미계약	1988/03/19	28	2010/06/09	51	52	892	49	48	0	0	0
이금주	14	1976/11/26	39	2001/07/06	48	48	959	27	51	53	2	1
이기회	27	1978/11/04	37	2004/06/02	52	52	3000	112	136	113	2	3
이동국	11	1979/11/23	36	2001/07/06	53	53	3014	206	239	72	0	2
이상혁	프	1983/03/16	33	2008/06/18	52	52	2864	247	255	417	30	35
이아나	27	1989/01/01	27	2011/08/24	50	50	956	47	43	178	5	3
이애리	28	1980/07/21	35	2002/09/13	51	51	1229	58	71	27	0	0
이준철	48	1980/02/23	36	1999/09/01	53	53	2436	173	206	177	13	20
이찬호	프	1992/05/27	23	2013/06/01	51	52	1054	137	128	446	61	50
이해동	52	1988/03/23	28	2009/06/01	51	51	1092	48	53	100	1	4
이혁	프	1987/01/05	29	2011/08/24	51	51	1602	109	112	553	32	38
이현종	50	1993/08/24	22	2015/06/18	49	49	252	36	22	252	36	22
임기원	프	1980/10/10	35	2013/06/19	49	49	649	75	50	372	41	28
장추열	20	1988/09/11	27	2010/06/09	52	53	1908	161	177	267	38	27
전덕용	34	1980/03/04	36	2001/07/06	53	53	2299	139	158	139	5	10
정정희	23	1993/09/15	22	2014/06/05	49	49	500	20	26	208	10	8
정평수	09	1965/04/16	50	1987/04/01	52	52	4633	280	369	87	1	3
정현	18	1986/06/23	29	2015/06/18	51	51	44	4	4	44	4	4
조성곤	프	1982/01/23	34	2005/05/04	52	52	4369	680	586	482	87	64
조인권	미계약	1987/01/18	29	2008/06/18	52	52	2312	334	244	0	0	0
조재로	29	1993/09/29	22	2015/06/18	49	49	224	22	13	224	22	13
조한별	미계약	1991/02/04	25	2013/06/01	49	49	597	23	46	101	3	4
지하주	03	1974/04/10	41	1995/07/01	53	53	3145	254	266	126	8	9
최범현	05	1979/04/11	36	2001/07/06	53	53	5481	666	633	269	31	43
최원준	34	1984/08/28	31	2007/06/01	52	52	1766	75	112	84	5	4
페로비치	프	1981/07/17	34	2015/05/01	53	53	477	67	58	477	67	58
하정훈	41	1990/09/04	25	2015/06/18	49	49	155	9	6	155	9	6
한성열	52	1978/12/04	37	1999/09/01	52	52	2790	157	224	193	4	16
함완식	52	1978/01/01	38	1998/06/15	53	53	4860	609	603	325	46	55
황순도	01	1977/10/26	38	1998/06/15	52	52	2157	78	125	93	3	4
황종우	17	1982/07/18	33	2007/05/19	51	51	620	23	30	48	1	2