권석원	미계약	1991/10/30	25	2013/06/01	52	52	446	33	25	0	0	0
김귀배	21	1962/12/18	53	1979/04/11	52	52	4142	310	307	62	3	3
김도중	52	1991/10/04	25	2015/06/18	51	51	218	2	13	144	1	9
김동수	프	1986/12/23	29	2014/06/05	49	49	859	68	82	358	29	34
김옥성	프	1967/04/05	49	1987/04/01	52	52	7468	517	601	275	6	18
김정준	32	1989/07/04	27	2010/06/09	51	52	1179	69	75	89	4	2
김철호	23	1987/07/20	29	2008/06/18	52	52	1513	119	110	183	13	16
김태훈	미계약	1995/07/17	21	2013/06/01	51	52	262	17	16	0	0	0
김혜선	프	1988/08/31	28	2009/06/01	51	51	2718	203	216	449	37	41
문세영	프	1980/09/04	36	2001/07/06	53	53	6504	1318	985	494	110	74
문정균	06	1973/12/06	42	1998/06/15	51	51	5362	396	469	260	20	14
박병윤	35	1987/04/24	29	2008/06/18	52	52	1625	100	130	242	18	12
박상우	18	1988/03/18	28	2009/06/01	51	51	1640	69	101	31	1	2
박시천	30	1983/01/11	33	2008/06/18	51	51	1360	50	61	56	0	0
박을운	39	1975/04/04	41	1998/06/15	53	53	2495	289	290	241	38	41
박종현	26	1985/11/17	30	2010/06/03	49	49	277	8	15	0	0	0
박태종	프	1965/12/20	50	1987/04/01	51	51	13501	2014	1850	455	43	56
박현우	36	1990/12/01	25	2012/06/07	52	52	1247	89	72	208	15	11
방춘식	01	1969/09/19	47	1990/06/01	52	52	4252	354	347	73	3	4
벨리	프	1972/05/16	44	2016/08/28	52	52	52	3	0	52	3	0
부민호	33	1985/06/03	31	2007/06/01	52	52	1298	98	82	98	3	5
송재철	프	1990/10/24	26	2013/06/01	52	52	1417	74	111	588	34	39
신형철	32	1967/05/30	49	1988/04/01	54	54	6352	680	715	91	10	15
안효리	37	1989/06/04	27	2012/06/07	51	51	1085	60	60	138	7	10
유승완	프	1985/12/17	30	2007/06/01	52	52	2846	217	219	437	36	39
윤영민	28	1973/12/15	42	1996/06/01	52	52	1634	70	83	79	6	5
윤태혁	19	1979/01/03	37	1999/09/01	54	54	1606	109	142	65	6	3
이강서	20	1988/03/19	28	2010/06/09	51	52	910	49	49	18	0	1
이기회	27	1978/11/04	38	2004/06/02	52	52	3054	115	142	110	4	8
이동국	11	1979/11/23	36	2001/07/06	53	52	3067	207	240	93	1	3
이동하	35	1994/07/28	22	2016/06/18	48	48	83	9	9	83	9	9
이상혁	30	1983/03/16	33	2008/06/18	52	52	3021	267	268	342	31	24
이아나	27	1989/01/01	27	2011/08/24	50	50	998	49	44	110	5	3
이애리	28	1980/07/21	36	2002/09/13	51	51	1229	58	71	2	0	0
이준철	48	1980/02/23	36	1999/09/01	53	53	2522	186	219	152	19	21
이찬호	프	1992/05/27	24	2013/06/01	51	52	1343	179	157	447	59	50
이철경	33	1988/08/25	28	2016/06/18	49	49	63	1	4	63	1	4
이해동	52	1988/03/23	28	2009/06/01	51	51	1169	51	56	149	4	5
이혁	프	1987/01/05	29	2011/08/24	51	51	1906	133	140	526	37	39
이현종	50	1993/08/24	23	2015/06/18	49	49	441	64	41	334	50	33
임기원	프	1980/10/10	36	2013/06/19	49	49	877	103	79	439	50	44
임란	프	1977/02/01	39	2016/04/16	50	50	248	20	15	248	20	15
장추열	20	1988/09/11	28	2010/06/09	52	53	1977	165	183	165	19	14
전덕용	39	1980/03/04	36	2001/07/06	53	53	2318	140	159	55	4	4
정정희	23	1993/09/15	23	2014/06/05	49	49	653	31	36	237	14	13
정평수	09	1965/04/16	51	1987/04/01	52	52	4701	283	373	125	4	5
정현	07	1986/06/23	30	2015/06/18	51	51	47	4	4	34	4	3
조성곤	프	1982/01/23	34	2005/05/04	52	52	4602	709	608	434	54	42
조인권	프	1987/01/18	29	2008/06/18	52	52	2556	355	274	244	21	30
조재로	29	1993/09/29	23	2015/06/18	49	49	409	42	39	315	36	36
조한별	미계약	1991/02/04	25	2013/06/01	49	49	597	23	46	0	0	0
지하주	03	1974/04/10	42	1995/07/01	51	51	3170	254	268	64	2	5
최범현	05	1979/04/11	37	2001/07/06	53	53	5622	693	654	239	37	36
최원준	53	1984/08/28	32	2007/06/01	52	52	1813	75	112	87	3	1
페로비치	프	1981/07/17	35	2015/05/01	53	53	675	101	90	441	68	71
하정훈	41	1990/09/04	26	2015/06/18	49	49	313	17	21	278	15	21
한성열	52	1978/12/04	37	1999/09/01	52	52	2831	158	224	98	2	3
함완식	프	1978/01/01	38	1998/06/15	53	53	5007	627	624	266	33	41
황순도	01	1977/10/26	39	1998/06/15	52	52	2177	82	126	41	5	3
황종우	17	1982/07/18	34	2007/05/19	51	51	664	24	30	84	1	2