권석원	미계약	1991/10/30	25	2013/06/01	52	52	446	33	25	0	0	0
김귀배	21	1962/12/18	54	1979/04/11	52	52	4201	311	311	90	3	7
김동수	프	1986/12/23	30	2014/06/05	49	49	1101	91	100	456	41	37
김옥성	21	1967/04/05	50	1987/04/01	52	52	7530	518	602	233	4	12
김용근	프	1982/02/12	35	2005/05/04	51	51	3002	486	397	516	85	74
김정준	32	1989/07/04	27	2010/06/09	51	52	1297	73	85	207	8	12
김철호	23	1987/07/20	29	2008/06/18	52	52	1646	128	126	261	18	26
김태훈	17	1995/07/17	21	2013/06/01	51	51	351	25	25	89	8	9
김혜선	53	1988/08/31	28	2009/06/01	51	51	2866	219	229	406	33	46
문세영	프	1980/09/04	36	2001/07/06	53	53	6772	1373	1043	522	115	88
문정균	06	1973/12/06	43	1998/06/15	51	51	5478	406	474	249	20	14
박병윤	35	1987/04/24	29	2008/06/18	52	52	1727	104	140	241	15	18
박상우	18	1988/03/18	29	2009/06/01	51	51	1714	69	105	105	1	6
박시천	30	1983/01/11	34	2008/06/18	51	51	1389	50	62	62	0	1
박을운	39	1975/04/04	42	1998/06/15	53	53	2605	300	307	230	31	38
박종현	26	1985/11/17	31	2010/06/03	49	49	277	8	15	0	0	0
박태종	프	1965/12/20	51	1987/04/01	51	51	13501	2014	1850	190	20	25
박현우	36	1990/12/01	26	2012/06/07	52	52	1305	94	76	152	11	13
방춘식	01	1969/09/19	47	1990/06/01	52	52	4296	354	348	68	2	1
벨리	프	1972/05/16	44	2016/08/28	52	52	255	13	13	255	13	13
부민호	15	1985/06/03	31	2007/06/01	52	52	1419	108	91	171	11	13
송재철	프	1990/10/24	26	2013/06/01	52	52	1598	91	127	541	43	41
신지	프	1980/09/18	36	2017/01/20	52	52	121	5	8	121	5	8
신형철	32	1967/05/30	49	1988/04/01	54	54	6389	680	716	61	3	6
안효리	37	1989/06/04	27	2012/06/07	51	51	1148	63	63	127	5	8
얀	프	1974/03/25	43	2016/12/21	53	53	104	5	9	104	5	9
유승완	프	1985/12/17	31	2007/06/01	52	52	2969	229	225	313	26	24
윤영민	28	1973/12/15	43	1996/06/01	52	52	1671	70	86	76	5	5
윤태혁	19	1979/01/03	38	1999/09/01	54	54	1631	113	145	72	8	6
이강서	20	1988/03/19	29	2010/06/09	51	52	919	49	49	27	0	1
이기회	27	1978/11/04	38	2004/06/02	52	52	3090	115	145	83	2	8
이동국	02	1979/11/23	37	2001/07/06	52	52	3174	211	242	152	5	3
이동하	35	1994/07/28	22	2016/06/18	48	48	176	13	16	176	13	16
이상혁	30	1983/03/16	34	2008/06/18	52	52	3113	277	275	236	29	18
이아나	27	1989/01/01	28	2011/08/24	50	50	1071	53	46	109	5	3
이애리	28	1980/07/21	36	2002/09/13	51	51	1234	58	71	5	0	0
이준철	48	1980/02/23	37	1999/09/01	53	53	2603	195	231	163	22	25
이철경	33	1988/08/25	28	2016/06/18	49	49	185	14	21	185	14	21
이해동	52	1988/03/23	29	2009/06/01	51	51	1206	52	56	111	4	3
이혁	프	1987/01/05	30	2011/08/24	51	51	2131	157	154	506	45	38
이현종	18	1993/08/24	23	2015/06/18	49	49	587	80	53	319	42	29
임기원	프	1980/10/10	36	2013/06/19	49	49	1039	124	93	374	47	41
장추열	20	1988/09/11	28	2010/06/09	52	53	2085	176	190	177	15	13
전덕용	39	1980/03/04	37	2001/07/06	53	53	2341	140	161	39	1	2
정정희	23	1993/09/15	23	2014/06/05	49	49	786	38	49	277	16	22
정평수	09	1965/04/16	52	1987/04/01	52	52	4717	283	373	78	2	4
조재로	29	1993/09/29	23	2015/06/18	49	49	523	50	46	286	26	30
조한별	미계약	1991/02/04	26	2013/06/01	49	49	597	23	46	0	0	0
지하주	03	1974/04/10	43	1995/07/01	51	51	3227	257	270	82	3	4
최범현	05	1979/04/11	38	2001/07/06	53	53	5747	709	666	254	41	31
최원준	53	1984/08/28	32	2007/06/01	52	52	1837	75	112	63	0	0
페로비치	프	1981/07/17	35	2015/05/01	53	53	966	159	128	478	91	70
하정훈	54	1990/09/04	26	2015/06/18	49	49	446	27	32	282	17	26
한성열	52	1978/12/04	38	1999/09/01	52	52	2831	158	224	41	1	0
황순도	01	1977/10/26	39	1998/06/15	52	52	2193	82	126	35	3	1
황종우	17	1982/07/18	34	2007/05/19	51	51	699	25	32	79	2	2