고성이	16	1974/05/10	42	1996/06/01	54	54	1932	91	103	0	0	0
권석원	미계약	1991/10/30	24	2013/06/01	52	52	446	33	25	39	1	1
김귀배	21	1962/12/18	53	1979/04/11	53	53	4112	308	304	73	3	4
김도중	52	1991/10/04	24	2015/06/18	51	51	167	2	11	167	2	11
김동수	37	1986/12/23	29	2014/06/05	49	49	680	55	67	306	27	35
김석봉	19	1978/09/02	37	2002/09/13	53	53	1648	69	54	13	0	2
김영진	44	1978/08/17	37	2001/07/06	53	53	2011	119	128	34	0	2
김옥성	프	1967/04/05	49	1987/04/01	52	52	7345	516	593	289	11	15
김정준	32	1989/07/04	26	2010/06/09	51	52	1098	66	73	8	1	0
김철호	23	1987/07/20	28	2008/06/18	52	52	1435	118	104	165	17	11
김태훈	미계약	1995/07/17	20	2013/06/01	51	52	262	17	16	0	0	0
김혜선	프	1988/08/31	27	2009/06/01	51	51	2547	191	192	491	39	35
딘홀랜드	프	1988/09/12	27	2016/03/01	49	49	117	9	7	117	9	7
문세영	프	1980/09/04	35	2001/07/06	53	53	6357	1287	966	570	131	106
문정균	06	1973/12/06	42	1998/06/15	51	51	5262	386	461	164	10	6
박병윤	35	1987/04/24	29	2008/06/18	52	52	1532	91	122	240	11	13
박상우	미계약	1988/03/18	28	2009/06/01	51	51	1609	68	99	0	0	0
박시천	30	1983/01/11	33	2008/06/18	51	51	1338	50	61	58	1	0
박을운	39	1975/04/04	41	1998/06/15	53	53	2407	274	275	233	29	27
박종현	26	1985/11/17	30	2010/06/03	49	49	277	8	15	0	0	0
박태종	프	1965/12/20	50	1987/04/01	51	51	13409	2001	1840	601	57	66
박현우	36	1990/12/01	25	2012/06/07	52	52	1189	86	67	242	20	15
방춘식	01	1969/09/19	46	1990/06/01	52	52	4228	352	347	108	5	6
부민호	33	1985/06/03	31	2007/06/01	52	52	1269	98	79	119	5	3
서도수	39	1976/09/01	39	2002/09/13	52	52	1054	35	44	12	0	0
송재철	프	1990/10/24	25	2013/06/01	52	52	1167	51	91	459	23	39
신대전	34	1974/03/07	42	1996/06/01	48	50	2190	58	71	30	1	0
신형철	32	1967/05/30	49	1988/04/01	54	54	6336	678	714	151	21	22
안효리	37	1989/06/04	27	2012/06/07	51	51	1052	60	58	207	14	14
유미라	38	1984/03/11	32	2008/06/18	51	51	958	12	26	25	0	1
유승완	프	1985/12/17	30	2007/06/01	52	52	2771	211	213	561	46	49
유재필	11	1980/10/29	35	2001/07/06	51	51	1126	34	57	2	0	0
윤영민	28	1973/12/15	42	1996/06/01	52	52	1609	66	82	75	2	5
윤태혁	19	1979/01/03	37	1999/09/01	54	54	1581	107	140	56	7	5
이강서	미계약	1988/03/19	28	2010/06/09	51	52	892	49	48	0	0	0
이금주	14	1976/11/26	39	2001/07/06	48	48	969	27	52	51	2	2
이기회	27	1978/11/04	37	2004/06/02	52	52	3022	115	138	109	4	5
이동국	11	1979/11/23	36	2001/07/06	53	52	3036	206	239	74	0	2
이동하	35	1994/07/28	21	2016/06/18	0 	0 	0	0	0	0	0	0
이상혁	프	1983/03/16	33	2008/06/18	52	52	2932	256	261	414	32	35
이아나	27	1989/01/01	27	2011/08/24	50	50	987	48	43	150	5	2
이애리	28	1980/07/21	35	2002/09/13	51	51	1229	58	71	15	0	0
이준철	48	1980/02/23	36	1999/09/01	53	53	2466	176	212	163	14	19
이찬호	프	1992/05/27	24	2013/06/01	51	52	1143	148	139	469	62	52
이철경	33	1988/08/25	27	2016/06/18	0 	0 	0	0	0	0	0	0
이해동	52	1988/03/23	28	2009/06/01	51	51	1116	48	54	124	1	5
이혁	프	1987/01/05	29	2011/08/24	51	51	1714	122	124	514	35	40
이현종	50	1993/08/24	22	2015/06/18	49	49	321	43	31	321	43	31
임기원	프	1980/10/10	35	2013/06/19	49	49	691	79	56	359	38	29
임란	프	1977/02/01	39	2016/04/16	50	50	82	6	5	82	6	5
장추열	20	1988/09/11	27	2010/06/09	52	53	1908	161	177	205	25	21
전덕용	34	1980/03/04	36	2001/07/06	53	53	2312	140	159	101	4	9
정정희	23	1993/09/15	22	2014/06/05	49	49	549	24	34	195	12	13
정평수	09	1965/04/16	51	1987/04/01	52	52	4662	281	370	86	2	2
정현	07	1986/06/23	30	2015/06/18	51	51	44	4	4	44	4	4
조성곤	프	1982/01/23	34	2005/05/04	52	52	4455	690	593	458	75	53
조인권	14	1987/01/18	29	2008/06/18	52	52	2343	337	246	31	3	2
조재로	29	1993/09/29	22	2015/06/18	49	49	298	32	24	298	32	24
조한별	미계약	1991/02/04	25	2013/06/01	49	49	597	23	46	73	3	4
지하주	03	1974/04/10	42	1995/07/01	53	53	3151	254	266	125	7	9
최범현	05	1979/04/11	37	2001/07/06	53	53	5535	676	642	257	35	39
최원준	34	1984/08/28	31	2007/06/01	52	52	1789	75	112	94	5	3
페로비치	프	1981/07/17	34	2015/05/01	53	53	569	84	73	515	77	70
하정훈	41	1990/09/04	25	2015/06/18	49	49	223	13	12	223	13	12
한성열	52	1978/12/04	37	1999/09/01	52	52	2804	158	224	152	4	11
함완식	52	1978/01/01	38	1998/06/15	53	53	4888	614	607	274	40	46
황순도	01	1977/10/26	38	1998/06/15	52	52	2164	81	126	64	4	4
황종우	17	1982/07/18	33	2007/05/19	51	51	632	23	30	54	0	2