권석원	미계약	1991/10/30	25	2013/06/01	52	52	446	33	25	0	0	0
김귀배	21	1962/12/18	53	1979/04/11	52	52	4141	310	307	61	3	3
김도중	52	1991/10/04	25	2015/06/18	51	51	218	2	13	145	1	9
김동수	프	1986/12/23	29	2014/06/05	49	49	853	67	81	352	28	33
김옥성	프	1967/04/05	49	1987/04/01	52	52	7460	517	601	267	6	18
김정준	32	1989/07/04	27	2010/06/09	51	52	1172	69	74	82	4	1
김철호	23	1987/07/20	29	2008/06/18	52	52	1513	119	110	183	13	16
김태훈	미계약	1995/07/17	21	2013/06/01	51	52	262	17	16	0	0	0
김혜선	프	1988/08/31	28	2009/06/01	51	51	2710	202	216	453	37	43
문세영	프	1980/09/04	36	2001/07/06	53	53	6493	1318	985	487	112	75
문정균	06	1973/12/06	42	1998/06/15	51	51	5356	396	468	258	20	13
박병윤	35	1987/04/24	29	2008/06/18	52	52	1621	99	129	247	17	12
박상우	18	1988/03/18	28	2009/06/01	51	51	1637	69	101	28	1	2
박시천	30	1983/01/11	33	2008/06/18	51	51	1358	50	61	54	0	0
박을운	39	1975/04/04	41	1998/06/15	53	53	2488	287	289	237	36	40
박종현	26	1985/11/17	30	2010/06/03	49	49	277	8	15	0	0	0
박태종	프	1965/12/20	50	1987/04/01	51	51	13501	2014	1850	467	43	59
박현우	36	1990/12/01	25	2012/06/07	52	52	1243	89	72	210	15	12
방춘식	01	1969/09/19	47	1990/06/01	52	52	4249	354	347	70	3	4
벨리	프	1972/05/16	44	2016/08/28	52	52	45	2	0	45	2	0
부민호	33	1985/06/03	31	2007/06/01	52	52	1294	98	81	96	3	4
송재철	프	1990/10/24	26	2013/06/01	52	52	1403	72	109	586	33	39
신형철	32	1967/05/30	49	1988/04/01	54	54	6352	680	715	92	10	15
안효리	37	1989/06/04	27	2012/06/07	51	51	1083	60	60	139	7	10
유승완	프	1985/12/17	30	2007/06/01	52	52	2841	216	219	447	35	40
윤영민	28	1973/12/15	42	1996/06/01	52	52	1634	70	83	79	6	5
윤태혁	19	1979/01/03	37	1999/09/01	54	54	1604	109	142	64	6	4
이강서	20	1988/03/19	28	2010/06/09	51	52	908	49	49	16	0	1
이기회	27	1978/11/04	37	2004/06/02	52	52	3052	115	142	110	4	8
이동국	11	1979/11/23	36	2001/07/06	53	52	3066	207	240	93	1	3
이동하	35	1994/07/28	22	2016/06/18	48	48	77	7	9	77	7	9
이상혁	30	1983/03/16	33	2008/06/18	52	52	3019	267	268	349	33	26
이아나	27	1989/01/01	27	2011/08/24	50	50	998	49	44	110	5	3
이애리	28	1980/07/21	36	2002/09/13	51	51	1229	58	71	3	0	0
이준철	48	1980/02/23	36	1999/09/01	53	53	2519	185	219	156	19	21
이찬호	프	1992/05/27	24	2013/06/01	51	52	1330	178	156	451	60	49
이철경	33	1988/08/25	28	2016/06/18	49	49	57	1	3	57	1	3
이해동	52	1988/03/23	28	2009/06/01	51	51	1169	51	56	152	4	6
이혁	프	1987/01/05	29	2011/08/24	51	51	1895	133	138	525	39	38
이현종	50	1993/08/24	23	2015/06/18	49	49	434	62	41	334	48	33
임기원	프	1980/10/10	36	2013/06/19	49	49	863	102	78	432	51	43
임란	프	1977/02/01	39	2016/04/16	50	50	237	20	15	237	20	15
장추열	20	1988/09/11	28	2010/06/09	52	53	1972	165	181	167	19	13
전덕용	39	1980/03/04	36	2001/07/06	53	53	2316	140	159	53	4	4
정정희	23	1993/09/15	23	2014/06/05	49	49	646	31	36	230	14	13
정평수	09	1965/04/16	51	1987/04/01	52	52	4701	283	373	125	4	5
정현	07	1986/06/23	30	2015/06/18	51	51	47	4	4	34	4	3
조성곤	프	1982/01/23	34	2005/05/04	52	52	4593	709	606	433	57	40
조인권	프	1987/01/18	29	2008/06/18	52	52	2544	353	272	232	19	28
조재로	29	1993/09/29	23	2015/06/18	49	49	402	40	39	317	35	36
조한별	미계약	1991/02/04	25	2013/06/01	49	49	597	23	46	0	0	0
지하주	03	1974/04/10	42	1995/07/01	53	53	3169	254	267	63	2	4
최범현	05	1979/04/11	37	2001/07/06	53	53	5615	692	653	239	37	36
최원준	53	1984/08/28	32	2007/06/01	52	52	1813	75	112	91	3	1
페로비치	프	1981/07/17	35	2015/05/01	53	53	675	101	90	451	73	71
하정훈	41	1990/09/04	26	2015/06/18	49	49	313	17	21	285	15	21
한성열	52	1978/12/04	37	1999/09/01	52	52	2831	158	224	104	2	3
함완식	프	1978/01/01	38	1998/06/15	53	53	4995	625	622	254	31	39
황순도	01	1977/10/26	39	1998/06/15	52	52	2176	82	126	44	5	3
황종우	17	1982/07/18	34	2007/05/19	51	51	664	24	30	84	1	2