권석원	미계약	1991/10/30	24	2013/06/01	52	52	446	33	25	0	0	0
김귀배	21	1962/12/18	53	1979/04/11	52	52	4135	310	307	68	3	5
김도중	52	1991/10/04	25	2015/06/18	51	51	218	2	13	158	1	9
김동수	프	1986/12/23	29	2014/06/05	49	49	830	63	81	355	27	36
김옥성	프	1967/04/05	49	1987/04/01	52	52	7441	517	600	272	7	19
김정준	32	1989/07/04	27	2010/06/09	51	52	1161	69	74	71	4	1
김철호	23	1987/07/20	29	2008/06/18	52	52	1498	119	109	168	13	15
김태훈	미계약	1995/07/17	21	2013/06/01	51	52	262	17	16	0	0	0
김혜선	프	1988/08/31	28	2009/06/01	51	51	2691	200	213	476	36	44
문세영	프	1980/09/04	36	2001/07/06	53	53	6467	1311	980	510	113	84
문정균	06	1973/12/06	42	1998/06/15	51	51	5338	394	465	240	18	10
박병윤	35	1987/04/24	29	2008/06/18	52	52	1609	99	128	255	17	12
박상우	18	1988/03/18	28	2009/06/01	51	51	1629	69	100	20	1	1
박시천	30	1983/01/11	33	2008/06/18	51	51	1356	50	61	53	0	0
박을운	39	1975/04/04	41	1998/06/15	53	53	2474	287	287	237	37	38
박종현	26	1985/11/17	30	2010/06/03	49	49	277	8	15	0	0	0
박태종	프	1965/12/20	50	1987/04/01	51	51	13501	2014	1850	507	47	60
박현우	36	1990/12/01	25	2012/06/07	52	52	1237	89	71	218	18	13
방춘식	01	1969/09/19	47	1990/06/01	52	52	4245	354	347	76	3	4
벨리	프	1972/05/16	44	2016/08/28	52	52	27	1	0	27	1	0
부민호	33	1985/06/03	31	2007/06/01	52	52	1284	98	81	105	3	4
송재철	프	1990/10/24	25	2013/06/01	52	52	1365	69	104	570	33	37
신형철	32	1967/05/30	49	1988/04/01	54	54	6352	680	715	110	13	16
안효리	37	1989/06/04	27	2012/06/07	51	51	1074	60	60	153	8	11
유승완	프	1985/12/17	30	2007/06/01	52	52	2825	215	217	462	35	40
윤영민	28	1973/12/15	42	1996/06/01	52	52	1630	70	83	80	6	5
윤태혁	19	1979/01/03	37	1999/09/01	54	54	1603	109	141	64	7	3
이강서	20	1988/03/19	28	2010/06/09	51	52	896	49	49	4	0	1
이기회	27	1978/11/04	37	2004/06/02	52	52	3046	115	141	108	4	7
이동국	11	1979/11/23	36	2001/07/06	53	52	3057	206	240	86	0	3
이동하	35	1994/07/28	22	2016/06/18	48	48	57	5	5	57	5	5
이상혁	30	1983/03/16	33	2008/06/18	52	52	3010	266	267	372	35	28
이아나	27	1989/01/01	27	2011/08/24	50	50	997	48	44	122	4	3
이애리	28	1980/07/21	36	2002/09/13	51	51	1229	58	71	6	0	0
이준철	48	1980/02/23	36	1999/09/01	53	53	2519	185	219	164	19	21
이찬호	프	1992/05/27	24	2013/06/01	51	52	1302	174	155	461	61	54
이철경	33	1988/08/25	28	2016/06/18	49	49	39	1	2	39	1	2
이해동	52	1988/03/23	28	2009/06/01	51	51	1163	51	55	155	4	5
이혁	프	1987/01/05	29	2011/08/24	51	51	1876	133	137	517	39	39
이현종	50	1993/08/24	23	2015/06/18	49	49	420	62	37	335	52	30
임기원	프	1980/10/10	36	2013/06/19	49	49	828	95	75	418	46	41
임란	프	1977/02/01	39	2016/04/16	50	50	209	18	14	209	18	14
장추열	20	1988/09/11	28	2010/06/09	52	53	1954	163	180	163	18	15
전덕용	39	1980/03/04	36	2001/07/06	53	53	2315	140	159	57	4	5
정정희	23	1993/09/15	23	2014/06/05	49	49	625	29	36	209	12	13
정평수	09	1965/04/16	51	1987/04/01	52	52	4696	283	373	120	4	5
정현	07	1986/06/23	30	2015/06/18	51	51	47	4	4	44	4	4
조성곤	프	1982/01/23	34	2005/05/04	52	52	4563	705	603	445	62	44
조인권	프	1987/01/18	29	2008/06/18	52	52	2520	350	270	208	16	26
조재로	29	1993/09/29	23	2015/06/18	49	49	383	39	37	318	35	35
조한별	미계약	1991/02/04	25	2013/06/01	49	49	597	23	46	0	0	0
지하주	03	1974/04/10	42	1995/07/01	53	53	3164	254	266	75	5	3
최범현	05	1979/04/11	37	2001/07/06	53	53	5595	688	649	234	35	34
최원준	53	1984/08/28	32	2007/06/01	52	52	1810	75	112	99	4	1
페로비치	프	1981/07/17	35	2015/05/01	53	53	631	91	82	427	67	66
하정훈	41	1990/09/04	26	2015/06/18	49	49	304	17	21	276	15	21
한성열	52	1978/12/04	37	1999/09/01	52	52	2831	158	224	116	2	4
함완식	프	1978/01/01	38	1998/06/15	53	53	4980	624	621	255	33	38
황순도	01	1977/10/26	38	1998/06/15	52	52	2173	81	126	45	4	4
황종우	17	1982/07/18	34	2007/05/19	51	51	661	24	30	81	1	2