고성이	16	1974/05/10	41	1996/06/01	54	54	1932	91	103	0	0	0
권석원	미계약	1991/10/30	24	2013/06/01	52	52	446	33	25	82	3	3
김귀배	21	1962/12/18	53	1979/04/11	53	53	4100	308	304	109	3	7
김도중	05	1991/10/04	24	2015/06/18	50	50	116	1	9	116	1	9
김동수	37	1986/12/23	29	2014/06/05	49	49	602	47	59	342	24	38
김동철	49	1974/11/28	41	1995/07/01	52	52	4167	231	276	136	2	6
김석봉	19	1978/09/02	37	2002/09/13	53	53	1645	69	54	45	0	3
김영진	44	1978/08/17	37	2001/07/06	53	53	2011	119	128	50	0	2
김옥성	프	1967/04/05	48	1987/04/01	52	52	7258	514	585	375	18	16
김정준	미계약	1989/07/04	26	2010/06/09	51	52	1090	65	73	0	0	0
김철호	23	1987/07/20	28	2008/06/18	52	52	1349	107	96	245	20	13
김태훈	미계약	1995/07/17	20	2013/06/01	51	52	262	17	16	0	0	0
김혜선	프	1988/08/31	27	2009/06/01	51	51	2420	177	182	560	45	40
다카하시	프	1987/04/14	28	2015/07/08	52	52	368	25	37	368	25	37
딘홀랜드	미계약	1988/09/12	27	2016/03/01	0 	0 	0	0	0	0	0	0
문세영	프	1980/09/04	35	2001/07/06	53	53	6186	1239	945	626	146	136
문정균	06	1973/12/06	42	1998/06/15	51	51	5190	382	460	106	6	5
박병윤	35	1987/04/24	28	2008/06/18	52	52	1454	88	118	240	14	12
박상우	미계약	1988/03/18	27	2009/06/01	51	51	1609	68	99	0	0	0
박시천	30	1983/01/11	33	2008/06/18	51	51	1320	50	61	67	1	0
박을운	39	1975/04/04	40	1998/06/15	53	53	2346	264	264	282	39	35
박종현	26	1985/11/17	30	2010/06/03	49	49	277	8	15	0	0	0
박태종	프	1965/12/20	50	1987/04/01	51	51	13234	1987	1816	648	64	64
박현우	36	1990/12/01	25	2012/06/07	52	52	1124	81	62	330	23	20
방춘식	01	1969/09/19	46	1990/06/01	52	52	4213	352	346	118	7	7
부민호	33	1985/06/03	30	2007/06/01	52	52	1219	96	77	69	3	1
서도수	39	1976/09/01	39	2002/09/13	52	52	1053	35	44	22	0	0
송재철	프	1990/10/24	25	2013/06/01	49	49	970	43	77	374	22	30
신대전	34	1974/03/07	41	1996/06/01	48	50	2174	58	71	31	1	1
신형철	32	1967/05/30	48	1988/04/01	54	54	6304	673	708	184	20	27
안효리	20	1989/06/04	26	2012/06/07	51	51	992	56	55	231	17	15
유미라	38	1984/03/11	31	2008/06/18	51	51	958	12	26	42	0	1
유승완	프	1985/12/17	30	2007/06/01	52	52	2602	201	193	569	54	46
유재필	11	1980/10/29	35	2001/07/06	51	51	1126	34	57	3	0	0
윤영민	28	1973/12/15	42	1996/06/01	52	52	1586	64	81	85	1	6
윤태혁	19	1979/01/03	37	1999/09/01	54	54	1545	103	139	55	4	9
이강서	미계약	1988/03/19	27	2010/06/09	51	52	892	49	48	0	0	0
이금주	14	1976/11/26	39	2001/07/06	48	48	952	27	51	69	2	1
이기회	27	1978/11/04	37	2004/06/02	52	52	2982	112	135	121	2	2
이동국	11	1979/11/23	36	2001/07/06	53	53	2999	206	238	70	0	1
이상혁	프	1983/03/16	32	2008/06/18	52	52	2827	243	253	407	27	33
이아나	27	1989/01/01	27	2011/08/24	50	50	946	46	43	200	5	3
이애리	28	1980/07/21	35	2002/09/13	51	51	1229	58	71	43	0	2
이준철	48	1980/02/23	36	1999/09/01	53	53	2420	173	205	192	15	22
이찬호	프	1992/05/27	23	2013/06/01	51	52	990	131	116	382	55	38
이해동	52	1988/03/23	27	2009/06/01	51	51	1078	47	52	86	0	3
이혁	프	1987/01/05	29	2011/08/24	51	51	1545	109	106	525	32	35
이현종	50	1993/08/24	22	2015/06/18	49	49	217	32	19	217	32	19
임기원	프	1980/10/10	35	2013/06/19	49	49	573	67	43	296	33	21
장추열	20	1988/09/11	27	2010/06/09	52	53	1908	161	177	303	44	31
전덕용	34	1980/03/04	35	2001/07/06	53	53	2285	137	156	159	5	11
정정희	23	1993/09/15	22	2014/06/05	49	49	466	20	25	203	12	8
정평수	09	1965/04/16	50	1987/04/01	52	52	4616	280	369	94	3	4
정현	18	1986/06/23	29	2015/06/18	51	51	36	2	4	36	2	4
조성곤	프	1982/01/23	34	2005/05/04	52	52	4306	667	580	469	88	64
조인권	미계약	1987/01/18	29	2008/06/18	52	52	2312	334	244	0	0	0
조재로	29	1993/09/29	22	2015/06/18	49	49	203	20	12	203	20	12
조한별	미계약	1991/02/04	25	2013/06/01	49	49	597	23	46	101	3	4
지하주	03	1974/04/10	41	1995/07/01	53	53	3140	254	266	121	8	9
최범현	05	1979/04/11	36	2001/07/06	53	53	5461	664	628	311	35	43
최원준	34	1984/08/28	31	2007/06/01	52	52	1757	75	112	85	5	4
페로비치	프	1981/07/17	34	2015/05/01	53	53	423	60	51	423	60	51
하정훈	41	1990/09/04	25	2015/06/18	49	49	123	7	3	123	7	3
한성열	52	1978/12/04	37	1999/09/01	52	52	2769	156	223	210	3	16
함완식	52	1978/01/01	38	1998/06/15	53	53	4831	603	597	352	47	54
황순도	01	1977/10/26	38	1998/06/15	52	52	2152	78	125	98	3	4
황종우	17	1982/07/18	33	2007/05/19	51	51	607	23	28	38	1	0