권석원	미계약	1991/10/30	25	2013/06/01	52	52	446	33	25	0	0	0
김귀배	21	1962/12/18	54	1979/04/11	52	52	4161	311	308	69	3	4
김동수	프	1986/12/23	30	2014/06/05	49	49	920	77	85	366	33	30
김옥성	21	1967/04/05	49	1987/04/01	52	52	7495	518	602	263	5	19
김용근	프	1982/02/12	34	2005/05/04	51	51	2777	454	368	423	84	64
김정준	32	1989/07/04	27	2010/06/09	51	52	1224	71	78	134	6	5
김철호	23	1987/07/20	29	2008/06/18	52	52	1555	123	116	225	17	22
김태훈	17	1995/07/17	21	2013/06/01	51	52	262	17	16	0	0	0
김혜선	53	1988/08/31	28	2009/06/01	51	51	2781	210	221	434	39	44
문세영	프	1980/09/04	36	2001/07/06	53	53	6595	1336	998	511	116	74
문정균	06	1973/12/06	43	1998/06/15	51	51	5394	401	469	247	24	10
박병윤	35	1987/04/24	29	2008/06/18	52	52	1669	102	133	240	17	15
박상우	18	1988/03/18	28	2009/06/01	51	51	1656	69	102	47	1	3
박시천	30	1983/01/11	33	2008/06/18	51	51	1372	50	62	58	0	1
박을운	39	1975/04/04	41	1998/06/15	53	53	2524	290	291	226	34	34
박종현	26	1985/11/17	31	2010/06/03	49	49	277	8	15	0	0	0
박태종	프	1965/12/20	51	1987/04/01	51	51	13501	2014	1850	362	33	45
박현우	36	1990/12/01	26	2012/06/07	52	52	1272	91	74	185	13	12
방춘식	01	1969/09/19	47	1990/06/01	52	52	4269	354	348	72	2	5
벨리	프	1972/05/16	44	2016/08/28	52	52	133	6	8	133	6	8
부민호	33	1985/06/03	31	2007/06/01	52	52	1328	98	84	110	2	7
송재철	프	1990/10/24	26	2013/06/01	52	52	1436	76	114	546	36	40
신형철	32	1967/05/30	49	1988/04/01	54	54	6352	680	715	64	9	12
안효리	37	1989/06/04	27	2012/06/07	51	51	1109	62	61	135	7	9
얀	프	1974/03/25	42	2016/12/21	53	53	11	1	1	11	1	1
유승완	프	1985/12/17	31	2007/06/01	52	52	2927	226	224	423	34	37
윤영민	28	1973/12/15	43	1996/06/01	52	52	1643	70	83	73	6	5
윤태혁	19	1979/01/03	38	1999/09/01	54	54	1614	110	145	70	7	6
이강서	20	1988/03/19	28	2010/06/09	51	52	918	49	49	26	0	1
이기회	27	1978/11/04	38	2004/06/02	52	52	3067	115	144	106	4	9
이동국	11	1979/11/23	37	2001/07/06	53	52	3106	210	241	122	4	3
이동하	35	1994/07/28	22	2016/06/18	48	48	121	11	11	121	11	11
이상혁	30	1983/03/16	33	2008/06/18	52	52	3057	272	269	296	31	21
이아나	27	1989/01/01	28	2011/08/24	50	50	1022	50	46	99	5	4
이애리	28	1980/07/21	36	2002/09/13	51	51	1230	58	71	1	0	0
이준철	48	1980/02/23	36	1999/09/01	53	53	2556	188	225	154	17	22
이철경	33	1988/08/25	28	2016/06/18	49	49	103	3	8	103	3	8
이해동	52	1988/03/23	28	2009/06/01	51	51	1171	51	56	122	4	5
이혁	프	1987/01/05	30	2011/08/24	51	51	1990	139	143	532	35	39
이현종	18	1993/08/24	23	2015/06/18	49	49	501	70	46	331	46	31
임기원	프	1980/10/10	36	2013/06/19	49	49	949	112	86	450	53	48
장추열	20	1988/09/11	28	2010/06/09	52	53	2031	172	187	171	19	14
전덕용	39	1980/03/04	36	2001/07/06	53	53	2321	140	159	47	4	4
정정희	23	1993/09/15	23	2014/06/05	49	49	697	33	42	273	16	19
정평수	09	1965/04/16	51	1987/04/01	52	52	4701	283	373	114	3	5
조재로	29	1993/09/29	23	2015/06/18	49	49	463	44	44	314	30	37
조한별	미계약	1991/02/04	25	2013/06/01	49	49	597	23	46	0	0	0
지하주	03	1974/04/10	42	1995/07/01	51	51	3197	256	269	69	2	3
최범현	05	1979/04/11	37	2001/07/06	53	53	5663	702	657	238	41	31
최원준	53	1984/08/28	32	2007/06/01	52	52	1823	75	112	81	2	1
페로비치	프	1981/07/17	35	2015/05/01	53	53	790	119	110	460	71	77
하정훈	54	1990/09/04	26	2015/06/18	49	49	357	20	25	281	16	24
한성열	52	1978/12/04	38	1999/09/01	52	52	2831	158	224	77	2	2
황순도	01	1977/10/26	39	1998/06/15	52	52	2180	82	126	34	4	2
황종우	17	1982/07/18	34	2007/05/19	51	51	676	25	31	93	2	3