고성이	16	1974/05/10	42	1996/06/01	54	54	1932	91	103	0	0	0
권석원	미계약	1991/10/30	24	2013/06/01	52	52	446	33	25	48	1	2
김귀배	21	1962/12/18	53	1979/04/11	53	53	4112	308	304	79	3	4
김도중	52	1991/10/04	24	2015/06/18	51	51	149	2	10	149	2	10
김동수	37	1986/12/23	29	2014/06/05	49	49	680	55	67	326	28	40
김석봉	19	1978/09/02	37	2002/09/13	53	53	1648	69	54	16	0	2
김영진	44	1978/08/17	37	2001/07/06	53	53	2011	119	128	37	0	2
김옥성	프	1967/04/05	49	1987/04/01	52	52	7328	515	591	297	14	15
김정준	32	1989/07/04	26	2010/06/09	51	52	1096	66	73	6	1	0
김철호	23	1987/07/20	28	2008/06/18	52	52	1422	115	102	176	16	11
김태훈	미계약	1995/07/17	20	2013/06/01	51	52	262	17	16	0	0	0
김혜선	프	1988/08/31	27	2009/06/01	51	51	2521	191	188	498	40	32
딘홀랜드	프	1988/09/12	27	2016/03/01	49	49	96	6	6	96	6	6
마시마	프	1983/07/08	32	2016/05/29	0 	0 	0	0	0	0	0	0
문세영	프	1980/09/04	35	2001/07/06	53	53	6332	1282	965	588	140	113
문정균	06	1973/12/06	42	1998/06/15	51	51	5254	386	461	156	10	6
박병윤	35	1987/04/24	29	2008/06/18	52	52	1513	90	122	233	11	13
박상우	미계약	1988/03/18	28	2009/06/01	51	51	1609	68	99	0	0	0
박시천	30	1983/01/11	33	2008/06/18	51	51	1335	50	61	62	1	0
박을운	39	1975/04/04	41	1998/06/15	53	53	2400	271	274	247	29	27
박종현	26	1985/11/17	30	2010/06/03	49	49	277	8	15	0	0	0
박태종	프	1965/12/20	50	1987/04/01	51	51	13375	2001	1833	602	60	61
박현우	36	1990/12/01	25	2012/06/07	52	52	1177	85	65	255	19	15
방춘식	01	1969/09/19	46	1990/06/01	52	52	4228	352	347	120	7	6
부민호	33	1985/06/03	30	2007/06/01	52	52	1265	98	79	115	5	3
서도수	39	1976/09/01	39	2002/09/13	52	52	1054	35	44	13	0	0
송재철	프	1990/10/24	25	2013/06/01	52	52	1126	51	88	438	25	37
신대전	34	1974/03/07	42	1996/06/01	48	50	2186	58	71	27	1	0
신형철	32	1967/05/30	49	1988/04/01	54	54	6334	678	714	163	22	26
안효리	20	1989/06/04	26	2012/06/07	51	51	1041	59	57	211	14	13
야노	프	1984/08/03	31	2016/05/29	0 	0 	0	0	0	0	0	0
유미라	38	1984/03/11	32	2008/06/18	51	51	958	12	26	29	0	1
유승완	프	1985/12/17	30	2007/06/01	52	52	2728	206	209	554	44	47
유재필	11	1980/10/29	35	2001/07/06	51	51	1126	34	57	3	0	0
윤영민	28	1973/12/15	42	1996/06/01	52	52	1605	66	81	79	2	5
윤태혁	19	1979/01/03	37	1999/09/01	54	54	1576	105	139	55	5	6
이강서	미계약	1988/03/19	28	2010/06/09	51	52	892	49	48	0	0	0
이금주	14	1976/11/26	39	2001/07/06	48	48	968	27	52	55	2	2
이기회	27	1978/11/04	37	2004/06/02	52	52	3016	114	138	104	3	5
이동국	11	1979/11/23	36	2001/07/06	53	52	3033	206	239	75	0	2
이상혁	프	1983/03/16	33	2008/06/18	52	52	2914	253	259	417	31	37
이아나	27	1989/01/01	27	2011/08/24	50	50	978	48	43	154	5	2
이애리	28	1980/07/21	35	2002/09/13	51	51	1229	58	71	16	0	0
이준철	48	1980/02/23	36	1999/09/01	53	53	2456	175	210	159	13	19
이찬호	프	1992/05/27	24	2013/06/01	51	52	1101	141	134	447	56	49
이해동	52	1988/03/23	28	2009/06/01	51	51	1111	48	53	119	1	4
이혁	프	1987/01/05	29	2011/08/24	51	51	1680	115	120	521	30	39
이현종	50	1993/08/24	22	2015/06/18	49	49	309	42	31	309	42	31
임기원	프	1980/10/10	35	2013/06/19	49	49	677	77	54	369	39	28
임란	프	1977/02/01	39	2016/04/16	50	50	41	3	2	41	3	2
장추열	20	1988/09/11	27	2010/06/09	52	53	1908	161	177	219	27	24
전덕용	34	1980/03/04	36	2001/07/06	53	53	2312	140	159	109	5	10
정정희	23	1993/09/15	22	2014/06/05	49	49	535	23	32	202	12	13
정평수	09	1965/04/16	51	1987/04/01	52	52	4654	281	370	87	2	2
정현	18	1986/06/23	29	2015/06/18	51	51	44	4	4	44	4	4
조성곤	프	1982/01/23	34	2005/05/04	52	52	4440	688	593	476	80	57
조인권	14	1987/01/18	29	2008/06/18	52	52	2319	334	244	7	0	0
조재로	29	1993/09/29	22	2015/06/18	49	49	276	28	21	276	28	21
조한별	미계약	1991/02/04	25	2013/06/01	49	49	597	23	46	94	3	4
지하주	03	1974/04/10	42	1995/07/01	53	53	3147	254	266	128	8	9
최범현	05	1979/04/11	37	2001/07/06	53	53	5525	675	639	268	35	40
최원준	34	1984/08/28	31	2007/06/01	52	52	1785	75	112	93	5	4
타츠시로	프	1978/12/19	37	2016/05/29	0 	0 	0	0	0	0	0	0
패트릭	프	1992/06/12	23	2016/04/16	52	52	6	0	0	6	0	0
페로비치	프	1981/07/17	34	2015/05/01	53	53	569	84	73	540	84	70
하정훈	41	1990/09/04	25	2015/06/18	49	49	202	12	10	202	12	10
한성열	52	1978/12/04	37	1999/09/01	52	52	2800	157	224	165	3	14
함완식	52	1978/01/01	38	1998/06/15	53	53	4873	613	604	264	39	43
황순도	01	1977/10/26	38	1998/06/15	52	52	2162	80	126	71	3	4
황종우	17	1982/07/18	33	2007/05/19	51	51	629	23	30	53	0	2