권석원	미계약	1991/10/30	25	2013/06/01	52	52	446	33	25	0	0	0
김귀배	21	1962/12/18	53	1979/04/11	52	52	4151	310	308	64	2	4
김동수	프	1986/12/23	29	2014/06/05	49	49	905	74	84	367	31	30
김옥성	프	1967/04/05	49	1987/04/01	52	52	7495	518	602	283	6	19
김정준	32	1989/07/04	27	2010/06/09	51	52	1210	70	77	120	5	4
김철호	23	1987/07/20	29	2008/06/18	52	52	1540	122	114	210	16	20
김태훈	미계약	1995/07/17	21	2013/06/01	51	52	262	17	16	0	0	0
김혜선	프	1988/08/31	28	2009/06/01	51	51	2754	207	218	431	38	42
문세영	프	1980/09/04	36	2001/07/06	53	53	6564	1331	995	480	111	71
문정균	06	1973/12/06	43	1998/06/15	51	51	5394	401	469	265	25	12
박병윤	35	1987/04/24	29	2008/06/18	52	52	1656	100	132	244	16	14
박상우	18	1988/03/18	28	2009/06/01	51	51	1649	69	101	40	1	2
박시천	30	1983/01/11	33	2008/06/18	51	51	1368	50	62	57	0	1
박을운	39	1975/04/04	41	1998/06/15	53	53	2514	290	291	234	36	38
박종현	26	1985/11/17	31	2010/06/03	49	49	277	8	15	0	0	0
박태종	프	1965/12/20	50	1987/04/01	51	51	13501	2014	1850	393	38	48
박현우	36	1990/12/01	26	2012/06/07	52	52	1260	89	73	189	13	12
방춘식	01	1969/09/19	47	1990/06/01	52	52	4258	354	348	69	3	5
벨리	프	1972/05/16	44	2016/08/28	52	52	109	4	5	109	4	5
부민호	33	1985/06/03	31	2007/06/01	52	52	1313	98	83	95	2	6
송재철	프	1990/10/24	26	2013/06/01	52	52	1436	76	114	573	36	42
신형철	32	1967/05/30	49	1988/04/01	54	54	6352	680	715	73	10	12
안효리	37	1989/06/04	27	2012/06/07	51	51	1099	62	60	132	7	8
유승완	프	1985/12/17	30	2007/06/01	52	52	2896	221	224	430	32	41
윤영민	28	1973/12/15	43	1996/06/01	52	52	1638	70	83	73	6	5
윤태혁	19	1979/01/03	37	1999/09/01	54	54	1610	109	143	66	6	4
이강서	20	1988/03/19	28	2010/06/09	51	52	918	49	49	26	0	1
이기회	27	1978/11/04	38	2004/06/02	52	52	3060	115	143	105	4	8
이동국	11	1979/11/23	37	2001/07/06	53	52	3095	210	240	114	4	2
이동하	35	1994/07/28	22	2016/06/18	48	48	114	10	10	114	10	10
이상혁	30	1983/03/16	33	2008/06/18	52	52	3046	271	269	317	31	23
이아나	27	1989/01/01	27	2011/08/24	50	50	1011	50	44	102	6	3
이애리	28	1980/07/21	36	2002/09/13	51	51	1230	58	71	1	0	0
이준철	48	1980/02/23	36	1999/09/01	53	53	2544	188	223	150	17	20
이철경	33	1988/08/25	28	2016/06/18	49	49	102	3	8	102	3	8
이해동	52	1988/03/23	28	2009/06/01	51	51	1171	51	56	133	4	5
이혁	프	1987/01/05	29	2011/08/24	51	51	1959	138	142	532	37	40
이현종	미계약	1993/08/24	23	2015/06/18	49	49	483	69	44	336	49	32
임기원	프	1980/10/10	36	2013/06/19	49	49	918	109	84	443	51	49
장추열	20	1988/09/11	28	2010/06/09	52	53	2014	171	185	171	21	12
전덕용	39	1980/03/04	36	2001/07/06	53	53	2320	140	159	49	4	4
정정희	23	1993/09/15	23	2014/06/05	49	49	681	33	41	265	16	18
정평수	09	1965/04/16	51	1987/04/01	52	52	4701	283	373	122	3	5
조성곤	프	1982/01/23	34	2005/05/04	52	52	4638	713	613	457	55	43
조인권	프	1987/01/18	29	2008/06/18	52	52	2601	361	281	289	27	37
조재로	29	1993/09/29	23	2015/06/18	49	49	445	43	44	316	33	38
조한별	미계약	1991/02/04	25	2013/06/01	49	49	597	23	46	0	0	0
지하주	03	1974/04/10	42	1995/07/01	51	51	3186	255	269	64	1	3
최범현	05	1979/04/11	37	2001/07/06	53	53	5647	699	657	236	38	32
최원준	53	1984/08/28	32	2007/06/01	52	52	1818	75	112	80	2	1
페로비치	프	1981/07/17	35	2015/05/01	53	53	754	115	101	460	73	77
하정훈	54	1990/09/04	26	2015/06/18	49	49	348	19	24	290	17	23
한성열	52	1978/12/04	38	1999/09/01	52	52	2831	158	224	84	2	2
함완식	프	1978/01/01	38	1998/06/15	53	53	5041	633	629	269	37	41
황순도	01	1977/10/26	39	1998/06/15	52	52	2179	82	126	36	5	2
황종우	17	1982/07/18	34	2007/05/19	51	51	671	24	30	91	1	2