권석원	미계약	1991/10/30	24	2013/06/01	52	52	446	33	25	21	1	1
김귀배	21	1962/12/18	53	1979/04/11	53	53	4121	308	305	70	2	5
김도중	52	1991/10/04	24	2015/06/18	51	51	196	2	12	170	2	11
김동수	프	1986/12/23	29	2014/06/05	49	49	746	58	73	322	26	34
김옥성	프	1967/04/05	49	1987/04/01	52	52	7394	516	599	286	7	19
김정준	32	1989/07/04	27	2010/06/09	51	52	1122	67	74	32	2	1
김철호	23	1987/07/20	29	2008/06/18	52	52	1465	118	107	155	13	13
김태훈	미계약	1995/07/17	21	2013/06/01	51	52	262	17	16	0	0	0
김혜선	프	1988/08/31	27	2009/06/01	51	51	2621	195	202	487	36	39
문세영	프	1980/09/04	35	2001/07/06	53	53	6412	1301	972	528	122	86
문정균	06	1973/12/06	42	1998/06/15	51	51	5301	388	462	203	12	7
박병윤	35	1987/04/24	29	2008/06/18	52	52	1571	94	126	250	13	16
박상우	18	1988/03/18	28	2009/06/01	51	51	1609	68	99	0	0	0
박시천	30	1983/01/11	33	2008/06/18	51	51	1345	50	61	45	0	0
박을운	39	1975/04/04	41	1998/06/15	53	53	2444	282	283	244	36	35
박종현	26	1985/11/17	30	2010/06/03	49	49	277	8	15	0	0	0
박태종	프	1965/12/20	50	1987/04/01	51	51	13459	2008	1846	552	52	61
박현우	36	1990/12/01	25	2012/06/07	52	52	1216	87	69	234	17	14
방춘식	01	1969/09/19	46	1990/06/01	52	52	4237	354	347	92	4	4
부민호	33	1985/06/03	31	2007/06/01	52	52	1283	98	81	130	5	5
송재철	프	1990/10/24	25	2013/06/01	52	52	1276	63	97	527	31	39
신형철	32	1967/05/30	49	1988/04/01	54	54	6352	680	715	138	21	20
안효리	37	1989/06/04	27	2012/06/07	51	51	1052	60	58	170	12	11
유승완	프	1985/12/17	30	2007/06/01	52	52	2824	215	217	542	43	44
윤영민	28	1973/12/15	42	1996/06/01	52	52	1621	68	83	78	4	6
윤태혁	19	1979/01/03	37	1999/09/01	54	54	1597	108	140	65	7	4
이강서	미계약	1988/03/19	28	2010/06/09	51	52	892	49	48	0	0	0
이기회	27	1978/11/04	37	2004/06/02	52	52	3035	115	139	106	4	6
이동국	11	1979/11/23	36	2001/07/06	53	52	3046	206	239	75	0	2
이동하	35	1994/07/28	22	2016/06/18	48	48	30	1	1	30	1	1
이상혁	30	1983/03/16	33	2008/06/18	52	52	2976	263	266	411	36	34
이아나	27	1989/01/01	27	2011/08/24	50	50	995	48	44	145	5	3
이애리	28	1980/07/21	36	2002/09/13	51	51	1229	58	71	11	0	0
이준철	48	1980/02/23	36	1999/09/01	53	53	2496	180	215	171	17	20
이찬호	프	1992/05/27	24	2013/06/01	51	52	1226	164	144	476	68	48
이철경	33	1988/08/25	27	2016/06/18	49	49	10	0	1	10	0	1
이해동	52	1988/03/23	28	2009/06/01	51	51	1138	48	54	146	1	5
이혁	프	1987/01/05	29	2011/08/24	51	51	1798	132	130	521	42	39
이현종	50	1993/08/24	22	2015/06/18	49	49	371	50	35	337	47	31
임기원	프	1980/10/10	35	2013/06/19	49	49	772	91	70	395	46	39
임란	프	1977/02/01	39	2016/04/16	50	50	145	10	11	145	10	11
장추열	20	1988/09/11	27	2010/06/09	52	53	1908	161	177	161	23	15
전덕용	미계약	1980/03/04	36	2001/07/06	53	53	2312	140	159	74	4	7
정정희	23	1993/09/15	22	2014/06/05	49	49	579	25	36	180	10	14
정평수	09	1965/04/16	51	1987/04/01	52	52	4682	282	372	106	3	4
정현	07	1986/06/23	30	2015/06/18	51	51	47	4	4	47	4	4
조성곤	프	1982/01/23	34	2005/05/04	52	52	4491	696	596	414	60	40
조인권	프	1987/01/18	29	2008/06/18	52	52	2426	341	257	114	7	13
조재로	29	1993/09/29	22	2015/06/18	49	49	338	34	30	318	33	29
조한별	미계약	1991/02/04	25	2013/06/01	49	49	597	23	46	32	1	3
지하주	03	1974/04/10	42	1995/07/01	53	53	3151	254	266	90	5	9
최범현	05	1979/04/11	37	2001/07/06	53	53	5568	682	645	241	31	34
최원준	53	1984/08/28	31	2007/06/01	52	52	1794	75	112	92	4	1
페로비치	프	1981/07/17	35	2015/05/01	53	53	569	84	73	436	63	65
하정훈	41	1990/09/04	25	2015/06/18	49	49	273	16	17	251	14	17
한성열	52	1978/12/04	37	1999/09/01	52	52	2823	158	224	135	2	8
함완식	프	1978/01/01	38	1998/06/15	53	53	4928	621	614	260	38	43
황순도	01	1977/10/26	38	1998/06/15	52	52	2166	81	126	51	4	4
황종우	17	1982/07/18	34	2007/05/19	51	51	648	24	30	70	1	2