권석원	미계약	1991/10/30	25	2013/06/01	52	52	446	33	25	0	0	0
김귀배	21	1962/12/18	54	1979/04/11	52	52	4153	310	308	64	2	4
김동수	프	1986/12/23	29	2014/06/05	49	49	920	77	85	372	33	30
김옥성	프	1967/04/05	49	1987/04/01	52	52	7495	518	602	263	5	19
김정준	32	1989/07/04	27	2010/06/09	51	52	1217	71	77	127	6	4
김철호	23	1987/07/20	29	2008/06/18	52	52	1547	123	115	217	17	21
김태훈	17	1995/07/17	21	2013/06/01	51	52	262	17	16	0	0	0
김혜선	프	1988/08/31	28	2009/06/01	51	51	2765	209	220	418	38	43
문세영	프	1980/09/04	36	2001/07/06	53	53	6578	1332	995	494	112	71
문정균	06	1973/12/06	43	1998/06/15	51	51	5394	401	469	254	25	12
박병윤	35	1987/04/24	29	2008/06/18	52	52	1662	101	132	241	17	14
박상우	18	1988/03/18	28	2009/06/01	51	51	1656	69	102	47	1	3
박시천	30	1983/01/11	33	2008/06/18	51	51	1369	50	62	57	0	1
박을운	39	1975/04/04	41	1998/06/15	53	53	2514	290	291	221	35	35
박종현	26	1985/11/17	31	2010/06/03	49	49	277	8	15	0	0	0
박태종	프	1965/12/20	51	1987/04/01	51	51	13501	2014	1850	374	36	47
박현우	36	1990/12/01	26	2012/06/07	52	52	1264	91	73	183	13	11
방춘식	01	1969/09/19	47	1990/06/01	52	52	4261	354	348	67	2	5
벨리	프	1972/05/16	44	2016/08/28	52	52	123	6	7	123	6	7
부민호	33	1985/06/03	31	2007/06/01	52	52	1320	98	84	102	2	7
송재철	프	1990/10/24	26	2013/06/01	52	52	1436	76	114	560	36	40
신형철	32	1967/05/30	49	1988/04/01	54	54	6352	680	715	69	10	12
안효리	37	1989/06/04	27	2012/06/07	51	51	1101	62	61	127	7	9
얀	프	1974/03/25	42	2016/12/21	53	53	0	0	0	0	0	0
유승완	프	1985/12/17	31	2007/06/01	52	52	2908	221	224	417	31	39
윤영민	28	1973/12/15	43	1996/06/01	52	52	1640	70	83	73	6	5
윤태혁	19	1979/01/03	37	1999/09/01	54	54	1611	109	143	67	6	4
이강서	20	1988/03/19	28	2010/06/09	51	52	918	49	49	26	0	1
이기회	27	1978/11/04	38	2004/06/02	52	52	3064	115	143	106	4	8
이동국	11	1979/11/23	37	2001/07/06	53	52	3098	210	240	115	4	2
이동하	35	1994/07/28	22	2016/06/18	48	48	121	11	11	121	11	11
이상혁	30	1983/03/16	33	2008/06/18	52	52	3049	271	269	299	31	21
이아나	27	1989/01/01	27	2011/08/24	50	50	1017	50	45	101	5	4
이애리	28	1980/07/21	36	2002/09/13	51	51	1230	58	71	1	0	0
이준철	48	1980/02/23	36	1999/09/01	53	53	2548	188	225	146	17	22
이철경	33	1988/08/25	28	2016/06/18	49	49	102	3	8	102	3	8
이해동	52	1988/03/23	28	2009/06/01	51	51	1171	51	56	125	4	5
이혁	프	1987/01/05	29	2011/08/24	51	51	1972	139	143	525	37	41
이현종	18	1993/08/24	23	2015/06/18	49	49	490	69	45	330	47	32
임기원	프	1980/10/10	36	2013/06/19	49	49	930	110	86	444	52	50
장추열	20	1988/09/11	28	2010/06/09	52	53	2022	172	185	169	20	12
전덕용	39	1980/03/04	36	2001/07/06	53	53	2320	140	159	47	4	4
정정희	23	1993/09/15	23	2014/06/05	49	49	688	33	41	272	16	18
정평수	09	1965/04/16	51	1987/04/01	52	52	4701	283	373	118	3	5
조성곤	프	1982/01/23	34	2005/05/04	52	52	4646	714	613	452	55	41
조인권	프	1987/01/18	29	2008/06/18	52	52	2609	362	281	297	28	37
조재로	29	1993/09/29	23	2015/06/18	49	49	452	44	44	311	30	37
조한별	미계약	1991/02/04	25	2013/06/01	49	49	597	23	46	0	0	0
지하주	03	1974/04/10	42	1995/07/01	51	51	3189	255	269	61	1	3
최범현	05	1979/04/11	37	2001/07/06	53	53	5654	699	657	236	38	31
최원준	53	1984/08/28	32	2007/06/01	52	52	1819	75	112	77	2	1
페로비치	프	1981/07/17	35	2015/05/01	53	53	771	116	103	452	69	72
하정훈	54	1990/09/04	26	2015/06/18	49	49	348	19	24	279	16	23
한성열	52	1978/12/04	38	1999/09/01	52	52	2831	158	224	78	2	2
함완식	프	1978/01/01	38	1998/06/15	53	53	5049	634	630	256	35	38
황순도	01	1977/10/26	39	1998/06/15	52	52	2179	82	126	34	4	2
황종우	17	1982/07/18	34	2007/05/19	51	51	671	24	30	91	1	2