권석원	미계약	1991/10/30	24	2013/06/01	52	52	446	33	25	27	1	1
김귀배	21	1962/12/18	53	1979/04/11	53	53	4115	308	305	70	2	5
김도중	52	1991/10/04	24	2015/06/18	51	51	173	2	12	166	2	12
김동수	프	1986/12/23	29	2014/06/05	49	49	701	55	67	298	26	33
김옥성	프	1967/04/05	49	1987/04/01	52	52	7367	516	597	293	10	18
김정준	32	1989/07/04	27	2010/06/09	51	52	1098	66	73	8	1	0
김철호	23	1987/07/20	29	2008/06/18	52	52	1454	118	106	155	13	12
김태훈	미계약	1995/07/17	21	2013/06/01	51	52	262	17	16	0	0	0
김혜선	프	1988/08/31	27	2009/06/01	51	51	2577	192	200	475	36	39
문세영	프	1980/09/04	35	2001/07/06	53	53	6375	1294	969	522	119	90
문정균	06	1973/12/06	42	1998/06/15	51	51	5279	388	461	181	12	6
박병윤	35	1987/04/24	29	2008/06/18	52	52	1552	92	124	246	12	15
박상우	미계약	1988/03/18	28	2009/06/01	51	51	1609	68	99	0	0	0
박시천	30	1983/01/11	33	2008/06/18	51	51	1342	50	61	49	1	0
박을운	39	1975/04/04	41	1998/06/15	53	53	2433	280	279	247	35	31
박종현	26	1985/11/17	30	2010/06/03	49	49	277	8	15	0	0	0
박태종	프	1965/12/20	50	1987/04/01	51	51	13447	2006	1846	582	58	68
박현우	36	1990/12/01	25	2012/06/07	52	52	1199	86	69	233	18	15
방춘식	01	1969/09/19	46	1990/06/01	52	52	4233	353	347	97	5	4
부민호	33	1985/06/03	31	2007/06/01	52	52	1278	98	80	128	5	4
송재철	프	1990/10/24	25	2013/06/01	52	52	1225	58	94	497	27	39
신형철	32	1967/05/30	49	1988/04/01	54	54	6344	679	715	146	21	22
안효리	37	1989/06/04	27	2012/06/07	51	51	1052	60	58	188	14	13
유승완	프	1985/12/17	30	2007/06/01	52	52	2803	214	216	541	45	45
윤영민	28	1973/12/15	42	1996/06/01	52	52	1613	67	82	74	3	5
윤태혁	19	1979/01/03	37	1999/09/01	54	54	1589	107	140	60	6	5
이강서	미계약	1988/03/19	28	2010/06/09	51	52	892	49	48	0	0	0
이기회	27	1978/11/04	37	2004/06/02	52	52	3031	115	139	109	4	6
이동국	11	1979/11/23	36	2001/07/06	53	52	3042	206	239	75	0	2
이동하	35	1994/07/28	21	2016/06/18	48	48	9	0	0	9	0	0
이상혁	30	1983/03/16	33	2008/06/18	52	52	2951	259	263	413	33	35
이아나	27	1989/01/01	27	2011/08/24	50	50	992	48	44	150	5	3
이애리	28	1980/07/21	36	2002/09/13	51	51	1229	58	71	15	0	0
이준철	48	1980/02/23	36	1999/09/01	53	53	2479	178	214	167	16	20
이찬호	프	1992/05/27	24	2013/06/01	51	52	1187	157	140	477	67	48
이철경	33	1988/08/25	27	2016/06/18	49	49	5	0	0	5	0	0
이해동	52	1988/03/23	28	2009/06/01	51	51	1129	48	54	137	1	5
이혁	프	1987/01/05	29	2011/08/24	51	51	1754	125	128	516	35	41
이현종	50	1993/08/24	22	2015/06/18	49	49	354	48	34	341	46	32
임기원	프	1980/10/10	35	2013/06/19	49	49	742	88	62	387	44	33
임란	프	1977/02/01	39	2016/04/16	50	50	115	8	7	115	8	7
장추열	20	1988/09/11	27	2010/06/09	52	53	1908	161	177	179	24	17
전덕용	미계약	1980/03/04	36	2001/07/06	53	53	2312	140	159	85	4	8
정정희	23	1993/09/15	22	2014/06/05	49	49	568	24	34	189	12	12
정평수	09	1965/04/16	51	1987/04/01	52	52	4674	282	370	98	3	2
정현	07	1986/06/23	30	2015/06/18	51	51	45	4	4	45	4	4
조성곤	프	1982/01/23	34	2005/05/04	52	52	4474	691	595	425	62	46
조인권	프	1987/01/18	29	2008/06/18	52	52	2395	341	254	83	7	10
조재로	29	1993/09/29	22	2015/06/18	49	49	319	33	26	312	33	26
조한별	미계약	1991/02/04	25	2013/06/01	49	49	597	23	46	52	1	4
지하주	03	1974/04/10	42	1995/07/01	53	53	3151	254	266	104	6	9
최범현	05	1979/04/11	37	2001/07/06	53	53	5557	679	644	246	30	35
최원준	53	1984/08/28	31	2007/06/01	52	52	1791	75	112	93	5	2
페로비치	프	1981/07/17	35	2015/05/01	53	53	569	84	73	469	70	68
하정훈	41	1990/09/04	25	2015/06/18	49	49	247	14	12	244	14	12
한성열	52	1978/12/04	37	1999/09/01	52	52	2811	158	224	137	3	9
함완식	프	1978/01/01	38	1998/06/15	53	53	4904	617	611	260	39	46
황순도	01	1977/10/26	38	1998/06/15	52	52	2164	81	126	56	4	4
황종우	17	1982/07/18	34	2007/05/19	51	51	641	24	30	63	1	2