고성이	16	1974/05/10	41	1996/06/01	54	54	1932	91	103	0	0	0
권석원	미계약	1991/10/30	24	2013/06/01	52	52	446	33	25	95	3	3
김귀배	21	1962/12/18	53	1979/04/11	53	53	4097	308	304	116	3	7
김도중	05	1991/10/04	24	2015/06/18	50	50	93	1	7	93	1	7
김동수	37	1986/12/23	29	2014/06/05	49	49	574	46	56	347	24	37
김동철	49	1974/11/28	41	1995/07/01	52	52	4160	231	276	154	2	7
김석봉	19	1978/09/02	37	2002/09/13	53	53	1643	69	54	52	0	3
김영진	44	1978/08/17	37	2001/07/06	53	53	2011	119	128	64	1	2
김옥성	프	1967/04/05	48	1987/04/01	52	52	7232	513	583	349	17	14
김정준	미계약	1989/07/04	26	2010/06/09	51	52	1090	65	73	0	0	0
김철호	23	1987/07/20	28	2008/06/18	52	52	1330	106	94	270	25	15
김태훈	미계약	1995/07/17	20	2013/06/01	51	52	262	17	16	0	0	0
김혜선	프	1988/08/31	27	2009/06/01	51	51	2377	172	181	571	47	40
니콜라	프	1988/10/15	27	2015/10/16	54	54	49	6	4	49	6	4
다카하시	프	1987/04/14	28	2015/07/08	52	52	306	24	35	306	24	35
문세영	프	1980/09/04	35	2001/07/06	53	53	6125	1227	931	608	146	128
문정균	06	1973/12/06	42	1998/06/15	51	51	5167	381	459	110	6	5
박병윤	35	1987/04/24	28	2008/06/18	52	52	1441	87	118	250	15	13
박상우	미계약	1988/03/18	27	2009/06/01	51	51	1609	68	99	0	0	0
박시천	30	1983/01/11	33	2008/06/18	51	51	1317	50	61	82	1	1
박을운	39	1975/04/04	40	1998/06/15	53	53	2319	259	261	279	38	35
박종현	26	1985/11/17	30	2010/06/03	49	49	277	8	15	0	0	0
박태종	프	1965/12/20	50	1987/04/01	51	51	13181	1985	1811	659	74	66
박현우	36	1990/12/01	25	2012/06/07	52	52	1104	80	62	363	23	22
방춘식	01	1969/09/19	46	1990/06/01	52	52	4201	352	343	106	7	4
부민호	33	1985/06/03	30	2007/06/01	51	51	1218	96	77	68	3	1
서도수	39	1976/09/01	39	2002/09/13	52	52	1051	35	44	22	0	0
송재철	프	1990/10/24	25	2013/06/01	49	49	934	42	76	369	24	30
신대전	34	1974/03/07	41	1996/06/01	48	50	2173	58	71	34	1	1
신형철	32	1967/05/30	48	1988/04/01	54	54	6294	671	706	186	18	26
안효리	20	1989/06/04	26	2012/06/07	51	51	979	56	54	241	17	16
유미라	38	1984/03/11	31	2008/06/18	51	51	955	12	26	43	0	1
유승완	프	1985/12/17	30	2007/06/01	52	52	2545	194	190	554	50	46
유재필	11	1980/10/29	35	2001/07/06	51	51	1126	34	57	3	0	0
윤영민	28	1973/12/15	42	1996/06/01	52	52	1578	64	80	85	1	7
윤태혁	19	1979/01/03	37	1999/09/01	54	54	1544	103	139	54	4	9
이강서	미계약	1988/03/19	27	2010/06/09	51	52	892	49	48	0	0	0
이금주	14	1976/11/26	39	2001/07/06	48	48	949	27	51	74	2	1
이기회	27	1978/11/04	37	2004/06/02	52	52	2971	112	135	127	2	2
이동국	11	1979/11/23	36	2001/07/06	53	53	2990	206	238	69	0	1
이상혁	프	1983/03/16	32	2008/06/18	52	52	2793	243	248	402	30	29
이아나	27	1989/01/01	27	2011/08/24	50	50	934	45	42	208	5	3
이애리	28	1980/07/21	35	2002/09/13	51	51	1229	58	71	47	1	3
이준철	48	1980/02/23	35	1999/09/01	53	53	2404	173	203	206	18	23
이찬호	프	1992/05/27	23	2013/06/01	51	52	976	130	114	368	54	36
이해동	52	1988/03/23	27	2009/06/01	51	51	1065	47	52	73	0	3
이혁	프	1987/01/05	29	2011/08/24	51	51	1492	105	105	522	32	36
이현종	50	1993/08/24	22	2015/06/18	49	49	186	25	16	186	25	16
임기원	프	1980/10/10	35	2013/06/19	49	49	532	62	42	255	28	20
장추열	20	1988/09/11	27	2010/06/09	52	53	1881	156	175	315	41	36
전덕용	34	1980/03/04	35	2001/07/06	53	53	2279	136	155	160	4	10
정정희	23	1993/09/15	22	2014/06/05	49	49	445	19	23	219	13	8
정평수	09	1965/04/16	50	1987/04/01	52	52	4600	280	368	100	3	3
정현	18	1986/06/23	29	2015/06/18	51	51	36	2	4	36	2	4
조성곤	프	1982/01/23	34	2005/05/04	52	52	4246	664	578	457	96	69
조인권	미계약	1987/01/18	29	2008/06/18	52	52	2312	334	244	0	0	0
조재로	29	1993/09/29	22	2015/06/18	49	49	171	18	9	171	18	9
조한별	미계약	1991/02/04	24	2013/06/01	49	49	597	23	46	101	3	4
지하주	03	1974/04/10	41	1995/07/01	53	53	3128	254	266	109	8	9
최범현	05	1979/04/11	36	2001/07/06	53	53	5438	662	628	322	37	46
최원준	34	1984/08/28	31	2007/06/01	52	52	1749	74	111	90	5	3
페로비치	프	1981/07/17	34	2015/05/01	53	53	371	50	42	371	50	42
하정훈	41	1990/09/04	25	2015/06/18	49	49	100	6	2	100	6	2
한성열	52	1978/12/04	37	1999/09/01	52	52	2759	156	222	245	4	18
함완식	52	1978/01/01	38	1998/06/15	53	53	4810	600	594	379	50	60
황순도	01	1977/10/26	38	1998/06/15	52	52	2148	78	124	104	3	3
황종우	17	1982/07/18	33	2007/05/19	51	51	596	23	28	27	1	0