고성이	16	1974/05/10	41	1996/06/01	54	54	1932	91	103	0	0	0
권석원	미계약	1991/10/30	24	2013/06/01	52	52	446	33	25	82	3	3
김귀배	21	1962/12/18	53	1979/04/11	53	53	4100	308	304	109	3	7
김도중	05	1991/10/04	24	2015/06/18	50	50	111	1	9	111	1	9
김동수	37	1986/12/23	29	2014/06/05	49	49	596	47	59	346	24	39
김동철	49	1974/11/28	41	1995/07/01	52	52	4166	231	276	142	2	6
김석봉	19	1978/09/02	37	2002/09/13	53	53	1645	69	54	45	0	3
김영진	44	1978/08/17	37	2001/07/06	53	53	2011	119	128	56	0	2
김옥성	프	1967/04/05	48	1987/04/01	52	52	7249	514	584	366	18	15
김정준	미계약	1989/07/04	26	2010/06/09	51	52	1090	65	73	0	0	0
김철호	23	1987/07/20	28	2008/06/18	52	52	1344	106	95	255	20	14
김태훈	미계약	1995/07/17	20	2013/06/01	51	52	262	17	16	0	0	0
김혜선	프	1988/08/31	27	2009/06/01	51	51	2409	177	182	565	47	40
다카하시	프	1987/04/14	28	2015/07/08	52	52	355	25	36	355	25	36
문세영	프	1980/09/04	35	2001/07/06	53	53	6173	1238	941	613	145	132
문정균	06	1973/12/06	42	1998/06/15	51	51	5182	382	459	106	7	4
박병윤	35	1987/04/24	28	2008/06/18	52	52	1451	88	118	244	14	12
박상우	미계약	1988/03/18	27	2009/06/01	51	51	1609	68	99	0	0	0
박시천	30	1983/01/11	33	2008/06/18	51	51	1319	50	61	73	1	0
박을운	39	1975/04/04	40	1998/06/15	53	53	2339	262	263	281	38	35
박종현	26	1985/11/17	30	2010/06/03	49	49	277	8	15	0	0	0
박태종	프	1965/12/20	50	1987/04/01	51	51	13222	1987	1814	652	67	65
박현우	36	1990/12/01	25	2012/06/07	52	52	1119	80	62	339	23	20
방춘식	01	1969/09/19	46	1990/06/01	52	52	4209	352	345	114	7	6
부민호	33	1985/06/03	30	2007/06/01	52	52	1218	96	77	68	3	1
서도수	39	1976/09/01	39	2002/09/13	52	52	1052	35	44	21	0	0
송재철	프	1990/10/24	25	2013/06/01	49	49	956	43	77	367	22	30
신대전	34	1974/03/07	41	1996/06/01	48	50	2174	58	71	33	1	1
신형철	32	1967/05/30	48	1988/04/01	54	54	6301	672	708	188	19	28
안효리	20	1989/06/04	26	2012/06/07	51	51	992	56	55	238	17	15
유미라	38	1984/03/11	31	2008/06/18	51	51	958	12	26	42	0	1
유승완	프	1985/12/17	30	2007/06/01	52	52	2589	200	193	569	55	47
유재필	11	1980/10/29	35	2001/07/06	51	51	1126	34	57	3	0	0
윤영민	28	1973/12/15	42	1996/06/01	52	52	1585	64	81	86	1	6
윤태혁	19	1979/01/03	37	1999/09/01	54	54	1545	103	139	55	4	9
이강서	미계약	1988/03/19	27	2010/06/09	51	52	892	49	48	0	0	0
이금주	14	1976/11/26	39	2001/07/06	48	48	952	27	51	72	2	1
이기회	27	1978/11/04	37	2004/06/02	52	52	2981	112	135	122	2	2
이동국	11	1979/11/23	36	2001/07/06	53	53	2997	206	238	68	0	1
이상혁	프	1983/03/16	32	2008/06/18	52	52	2821	243	252	409	27	33
이아나	27	1989/01/01	27	2011/08/24	50	50	945	46	42	207	5	2
이애리	28	1980/07/21	35	2002/09/13	51	51	1229	58	71	43	0	2
이준철	48	1980/02/23	36	1999/09/01	53	53	2417	173	205	198	17	23
이찬호	프	1992/05/27	23	2013/06/01	51	52	990	131	116	382	55	38
이해동	52	1988/03/23	27	2009/06/01	51	51	1075	47	52	83	0	3
이혁	프	1987/01/05	29	2011/08/24	51	51	1532	109	105	529	34	35
이현종	50	1993/08/24	22	2015/06/18	49	49	211	31	19	211	31	19
임기원	프	1980/10/10	35	2013/06/19	49	49	559	65	43	282	31	21
장추열	20	1988/09/11	27	2010/06/09	52	53	1902	160	176	310	43	32
전덕용	34	1980/03/04	35	2001/07/06	53	53	2283	136	156	164	4	11
정정희	23	1993/09/15	22	2014/06/05	49	49	461	20	25	208	12	9
정평수	09	1965/04/16	50	1987/04/01	52	52	4612	280	369	97	3	4
정현	18	1986/06/23	29	2015/06/18	51	51	36	2	4	36	2	4
조성곤	프	1982/01/23	34	2005/05/04	52	52	4294	667	580	469	89	68
조인권	미계약	1987/01/18	29	2008/06/18	52	52	2312	334	244	0	0	0
조재로	29	1993/09/29	22	2015/06/18	49	49	197	19	12	197	19	12
조한별	미계약	1991/02/04	25	2013/06/01	49	49	597	23	46	101	3	4
지하주	03	1974/04/10	41	1995/07/01	53	53	3138	254	266	119	8	9
최범현	05	1979/04/11	36	2001/07/06	53	53	5455	663	628	318	36	44
최원준	34	1984/08/28	31	2007/06/01	52	52	1754	74	111	84	4	3
페로비치	프	1981/07/17	34	2015/05/01	53	53	412	56	48	412	56	48
하정훈	41	1990/09/04	25	2015/06/18	49	49	116	6	3	116	6	3
한성열	52	1978/12/04	37	1999/09/01	52	52	2767	156	223	225	4	16
함완식	52	1978/01/01	38	1998/06/15	53	53	4831	603	597	368	49	56
황순도	01	1977/10/26	38	1998/06/15	52	52	2152	78	125	102	3	4
황종우	17	1982/07/18	33	2007/05/19	51	51	607	23	28	38	1	0