권석원	미계약	1991/10/30	24	2013/06/01	52	52	446	33	25	0	0	0
김귀배	21	1962/12/18	53	1979/04/11	52	52	4137	310	307	65	3	4
김도중	52	1991/10/04	25	2015/06/18	51	51	218	2	13	158	1	9
김동수	프	1986/12/23	29	2014/06/05	49	49	837	63	81	354	26	34
김옥성	프	1967/04/05	49	1987/04/01	52	52	7447	517	601	271	7	19
김정준	32	1989/07/04	27	2010/06/09	51	52	1163	69	74	73	4	1
김철호	23	1987/07/20	29	2008/06/18	52	52	1503	119	110	173	13	16
김태훈	미계약	1995/07/17	21	2013/06/01	51	52	262	17	16	0	0	0
김혜선	프	1988/08/31	28	2009/06/01	51	51	2693	200	213	465	36	43
문세영	프	1980/09/04	36	2001/07/06	53	53	6467	1311	980	492	111	79
문정균	06	1973/12/06	42	1998/06/15	51	51	5345	394	465	247	18	10
박병윤	35	1987/04/24	29	2008/06/18	52	52	1611	99	129	250	17	12
박상우	18	1988/03/18	28	2009/06/01	51	51	1631	69	100	22	1	1
박시천	30	1983/01/11	33	2008/06/18	51	51	1357	50	61	53	0	0
박을운	39	1975/04/04	41	1998/06/15	53	53	2481	287	287	239	37	38
박종현	26	1985/11/17	30	2010/06/03	49	49	277	8	15	0	0	0
박태종	프	1965/12/20	50	1987/04/01	51	51	13501	2014	1850	493	46	60
박현우	36	1990/12/01	25	2012/06/07	52	52	1238	89	71	215	18	13
방춘식	01	1969/09/19	47	1990/06/01	52	52	4247	354	347	75	3	4
벨리	프	1972/05/16	44	2016/08/28	52	52	32	1	0	32	1	0
부민호	33	1985/06/03	31	2007/06/01	52	52	1286	98	81	102	3	4
송재철	프	1990/10/24	25	2013/06/01	52	52	1377	70	106	575	34	37
신형철	32	1967/05/30	49	1988/04/01	54	54	6352	680	715	104	13	16
안효리	37	1989/06/04	27	2012/06/07	51	51	1078	60	60	149	8	11
유승완	프	1985/12/17	30	2007/06/01	52	52	2832	216	217	454	35	39
윤영민	28	1973/12/15	42	1996/06/01	52	52	1630	70	83	79	6	5
윤태혁	19	1979/01/03	37	1999/09/01	54	54	1603	109	141	64	7	3
이강서	20	1988/03/19	28	2010/06/09	51	52	901	49	49	9	0	1
이기회	27	1978/11/04	37	2004/06/02	52	52	3051	115	142	112	4	8
이동국	11	1979/11/23	36	2001/07/06	53	52	3061	207	240	88	1	3
이동하	35	1994/07/28	22	2016/06/18	48	48	64	6	6	64	6	6
이상혁	30	1983/03/16	33	2008/06/18	52	52	3016	267	268	368	34	27
이아나	27	1989/01/01	27	2011/08/24	50	50	998	49	44	121	5	3
이애리	28	1980/07/21	36	2002/09/13	51	51	1229	58	71	5	0	0
이준철	48	1980/02/23	36	1999/09/01	53	53	2519	185	219	157	19	21
이찬호	프	1992/05/27	24	2013/06/01	51	52	1311	175	155	459	59	53
이철경	33	1988/08/25	28	2016/06/18	49	49	44	1	2	44	1	2
이해동	52	1988/03/23	28	2009/06/01	51	51	1167	51	56	154	4	6
이혁	프	1987/01/05	29	2011/08/24	51	51	1876	133	137	510	39	37
이현종	50	1993/08/24	23	2015/06/18	49	49	428	62	40	343	52	33
임기원	프	1980/10/10	36	2013/06/19	49	49	833	98	75	418	49	41
임란	프	1977/02/01	39	2016/04/16	50	50	219	18	15	219	18	15
장추열	20	1988/09/11	28	2010/06/09	52	53	1961	163	180	169	18	15
전덕용	39	1980/03/04	36	2001/07/06	53	53	2315	140	159	56	4	5
정정희	23	1993/09/15	23	2014/06/05	49	49	633	31	36	217	14	13
정평수	09	1965/04/16	51	1987/04/01	52	52	4698	283	373	122	4	5
정현	07	1986/06/23	30	2015/06/18	51	51	47	4	4	40	4	4
조성곤	프	1982/01/23	34	2005/05/04	52	52	4574	707	606	440	58	47
조인권	프	1987/01/18	29	2008/06/18	52	52	2529	351	271	217	17	27
조재로	29	1993/09/29	23	2015/06/18	49	49	392	39	38	321	35	36
조한별	미계약	1991/02/04	25	2013/06/01	49	49	597	23	46	0	0	0
지하주	03	1974/04/10	42	1995/07/01	53	53	3167	254	267	71	3	4
최범현	05	1979/04/11	37	2001/07/06	53	53	5602	690	650	235	36	34
최원준	53	1984/08/28	32	2007/06/01	52	52	1810	75	112	96	4	1
페로비치	프	1981/07/17	35	2015/05/01	53	53	647	95	84	443	71	68
하정훈	41	1990/09/04	26	2015/06/18	49	49	306	17	21	278	15	21
한성열	52	1978/12/04	37	1999/09/01	52	52	2831	158	224	112	2	4
함완식	프	1978/01/01	38	1998/06/15	53	53	4989	625	621	253	31	38
황순도	01	1977/10/26	38	1998/06/15	52	52	2174	81	126	45	4	4
황종우	17	1982/07/18	34	2007/05/19	51	51	661	24	30	81	1	2