권석원	미계약	1991/10/30	25	2013/06/01	52	52	446	33	25	0	0	0
김귀배	21	1962/12/18	53	1979/04/11	52	52	4148	310	307	64	3	3
김도중	52	1991/10/04	25	2015/06/18	51	51	218	2	13	133	1	7
김동수	프	1986/12/23	29	2014/06/05	49	49	889	70	83	366	28	33
김옥성	프	1967/04/05	49	1987/04/01	52	52	7482	518	601	288	7	18
김정준	32	1989/07/04	27	2010/06/09	51	52	1197	70	77	107	5	4
김철호	23	1987/07/20	29	2008/06/18	52	52	1535	122	113	205	16	19
김태훈	미계약	1995/07/17	21	2013/06/01	51	52	262	17	16	0	0	0
김혜선	프	1988/08/31	28	2009/06/01	51	51	2743	205	217	446	39	41
문세영	프	1980/09/04	36	2001/07/06	53	53	6546	1327	993	487	110	72
문정균	06	1973/12/06	42	1998/06/15	51	51	5380	399	469	263	23	13
박병윤	35	1987/04/24	29	2008/06/18	52	52	1644	100	132	242	16	14
박상우	18	1988/03/18	28	2009/06/01	51	51	1644	69	101	35	1	2
박시천	30	1983/01/11	33	2008/06/18	51	51	1365	50	61	56	0	0
박을운	39	1975/04/04	41	1998/06/15	53	53	2502	289	290	235	37	40
박종현	26	1985/11/17	31	2010/06/03	49	49	277	8	15	0	0	0
박태종	프	1965/12/20	50	1987/04/01	51	51	13501	2014	1850	413	39	52
박현우	36	1990/12/01	26	2012/06/07	52	52	1254	89	73	199	14	12
방춘식	01	1969/09/19	47	1990/06/01	52	52	4258	354	348	71	3	5
벨리	프	1972/05/16	44	2016/08/28	52	52	88	4	3	88	4	3
부민호	33	1985/06/03	31	2007/06/01	52	52	1305	98	83	93	2	6
송재철	프	1990/10/24	26	2013/06/01	52	52	1436	76	114	587	36	42
신형철	32	1967/05/30	49	1988/04/01	54	54	6352	680	715	79	10	13
안효리	37	1989/06/04	27	2012/06/07	51	51	1094	61	60	135	8	9
유승완	프	1985/12/17	30	2007/06/01	52	52	2881	219	222	439	31	41
윤영민	28	1973/12/15	42	1996/06/01	52	52	1636	70	83	76	6	5
윤태혁	19	1979/01/03	37	1999/09/01	54	54	1607	109	142	63	6	3
이강서	20	1988/03/19	28	2010/06/09	51	52	918	49	49	26	0	1
이기회	27	1978/11/04	38	2004/06/02	52	52	3058	115	143	107	4	8
이동국	11	1979/11/23	37	2001/07/06	53	52	3088	210	240	111	4	2
이동하	35	1994/07/28	22	2016/06/18	48	48	99	9	9	99	9	9
이상혁	30	1983/03/16	33	2008/06/18	52	52	3037	270	269	329	32	24
이아나	27	1989/01/01	27	2011/08/24	50	50	1006	49	44	103	5	3
이애리	28	1980/07/21	36	2002/09/13	51	51	1229	58	71	0	0	0
이준철	48	1980/02/23	36	1999/09/01	53	53	2540	188	223	158	20	22
이철경	33	1988/08/25	28	2016/06/18	49	49	85	1	6	85	1	6
이해동	52	1988/03/23	28	2009/06/01	51	51	1171	51	56	141	4	5
이혁	프	1987/01/05	29	2011/08/24	51	51	1938	136	142	532	36	40
이현종	50	1993/08/24	23	2015/06/18	49	49	469	68	43	338	51	33
임기원	프	1980/10/10	36	2013/06/19	49	49	894	105	80	434	48	45
장추열	20	1988/09/11	28	2010/06/09	52	53	1999	171	183	166	24	13
전덕용	39	1980/03/04	36	2001/07/06	53	53	2319	140	159	49	4	4
정정희	23	1993/09/15	23	2014/06/05	49	49	668	31	38	252	14	15
정평수	09	1965/04/16	51	1987/04/01	52	52	4701	283	373	125	4	5
정현	07	1986/06/23	30	2015/06/18	51	51	47	4	4	21	4	0
조성곤	프	1982/01/23	34	2005/05/04	52	52	4621	712	611	443	55	41
조인권	프	1987/01/18	29	2008/06/18	52	52	2581	356	279	269	22	35
조재로	29	1993/09/29	23	2015/06/18	49	49	431	43	40	315	33	35
조한별	미계약	1991/02/04	25	2013/06/01	49	49	597	23	46	0	0	0
지하주	03	1974/04/10	42	1995/07/01	51	51	3181	255	269	63	2	4
최범현	05	1979/04/11	37	2001/07/06	53	53	5635	696	655	236	37	34
최원준	53	1984/08/28	32	2007/06/01	52	52	1817	75	112	84	2	1
페로비치	프	1981/07/17	35	2015/05/01	53	53	723	108	98	451	70	76
하정훈	54	1990/09/04	26	2015/06/18	49	49	335	19	23	284	17	22
한성열	52	1978/12/04	37	1999/09/01	52	52	2831	158	224	90	2	3
함완식	프	1978/01/01	38	1998/06/15	53	53	5026	630	628	265	34	41
황순도	01	1977/10/26	39	1998/06/15	52	52	2178	82	126	38	5	2
황종우	17	1982/07/18	34	2007/05/19	51	51	668	24	30	88	1	2