권석원	미계약	1991/10/30	25	2013/06/01	52	52	446	33	25	0	0	0
김귀배	21	1962/12/18	53	1979/04/11	52	52	4150	310	308	64	3	4
김도중	52	1991/10/04	25	2015/06/18	51	51	218	2	13	133	1	7
김동수	프	1986/12/23	29	2014/06/05	49	49	899	72	84	368	30	32
김옥성	프	1967/04/05	49	1987/04/01	52	52	7489	518	601	289	7	18
김정준	32	1989/07/04	27	2010/06/09	51	52	1203	70	77	113	5	4
김철호	23	1987/07/20	29	2008/06/18	52	52	1535	122	113	205	16	19
김태훈	미계약	1995/07/17	21	2013/06/01	51	52	262	17	16	0	0	0
김혜선	프	1988/08/31	28	2009/06/01	51	51	2749	206	218	438	37	42
문세영	프	1980/09/04	36	2001/07/06	53	53	6559	1330	995	491	112	73
문정균	06	1973/12/06	43	1998/06/15	51	51	5387	399	469	261	23	13
박병윤	35	1987/04/24	29	2008/06/18	52	52	1649	100	132	240	16	14
박상우	18	1988/03/18	28	2009/06/01	51	51	1645	69	101	36	1	2
박시천	30	1983/01/11	33	2008/06/18	51	51	1365	50	61	54	0	0
박을운	39	1975/04/04	41	1998/06/15	53	53	2509	290	291	235	36	40
박종현	26	1985/11/17	31	2010/06/03	49	49	277	8	15	0	0	0
박태종	프	1965/12/20	50	1987/04/01	51	51	13501	2014	1850	403	39	50
박현우	36	1990/12/01	26	2012/06/07	52	52	1256	89	73	193	13	12
방춘식	01	1969/09/19	47	1990/06/01	52	52	4258	354	348	69	3	5
벨리	프	1972/05/16	44	2016/08/28	52	52	99	4	3	99	4	3
부민호	33	1985/06/03	31	2007/06/01	52	52	1307	98	83	93	2	6
송재철	프	1990/10/24	26	2013/06/01	52	52	1436	76	114	580	36	42
신형철	32	1967/05/30	49	1988/04/01	54	54	6352	680	715	76	10	12
안효리	37	1989/06/04	27	2012/06/07	51	51	1099	62	60	135	8	8
유승완	프	1985/12/17	30	2007/06/01	52	52	2891	219	224	436	30	42
윤영민	28	1973/12/15	42	1996/06/01	52	52	1638	70	83	76	6	5
윤태혁	19	1979/01/03	37	1999/09/01	54	54	1609	109	143	65	6	4
이강서	20	1988/03/19	28	2010/06/09	51	52	918	49	49	26	0	1
이기회	27	1978/11/04	38	2004/06/02	52	52	3060	115	143	105	4	8
이동국	11	1979/11/23	37	2001/07/06	53	52	3095	210	240	115	4	2
이동하	35	1994/07/28	22	2016/06/18	48	48	107	10	9	107	10	9
이상혁	30	1983/03/16	33	2008/06/18	52	52	3041	271	269	322	32	24
이아나	27	1989/01/01	27	2011/08/24	50	50	1008	49	44	102	5	3
이애리	28	1980/07/21	36	2002/09/13	51	51	1229	58	71	0	0	0
이준철	48	1980/02/23	36	1999/09/01	53	53	2542	188	223	153	19	21
이철경	33	1988/08/25	28	2016/06/18	49	49	92	2	7	92	2	7
이해동	52	1988/03/23	28	2009/06/01	51	51	1171	51	56	136	4	5
이혁	프	1987/01/05	29	2011/08/24	51	51	1947	137	142	526	37	40
이현종	50	1993/08/24	23	2015/06/18	49	49	476	68	43	336	48	33
임기원	프	1980/10/10	36	2013/06/19	49	49	903	106	81	435	48	46
장추열	20	1988/09/11	28	2010/06/09	52	53	2007	171	185	171	23	13
전덕용	39	1980/03/04	36	2001/07/06	53	53	2319	140	159	49	4	4
정정희	23	1993/09/15	23	2014/06/05	49	49	675	31	40	259	14	17
정평수	09	1965/04/16	51	1987/04/01	52	52	4701	283	373	125	4	5
정현	07	1986/06/23	30	2015/06/18	51	51	47	4	4	16	3	0
조성곤	프	1982/01/23	34	2005/05/04	52	52	4629	712	611	451	55	41
조인권	프	1987/01/18	29	2008/06/18	52	52	2589	358	281	277	24	37
조재로	29	1993/09/29	23	2015/06/18	49	49	438	43	43	316	33	37
조한별	미계약	1991/02/04	25	2013/06/01	49	49	597	23	46	0	0	0
지하주	03	1974/04/10	42	1995/07/01	51	51	3184	255	269	64	2	3
최범현	05	1979/04/11	37	2001/07/06	53	53	5640	698	655	234	37	32
최원준	53	1984/08/28	32	2007/06/01	52	52	1817	75	112	80	2	1
페로비치	프	1981/07/17	35	2015/05/01	53	53	740	114	99	455	73	75
하정훈	54	1990/09/04	26	2015/06/18	49	49	342	19	24	291	17	23
한성열	52	1978/12/04	38	1999/09/01	52	52	2831	158	224	84	2	2
함완식	프	1978/01/01	38	1998/06/15	53	53	5030	630	628	262	34	41
황순도	01	1977/10/26	39	1998/06/15	52	52	2179	82	126	37	5	2
황종우	17	1982/07/18	34	2007/05/19	51	51	671	24	30	91	1	2