권석원	미계약	1991/10/30	24	2013/06/01	52	52	446	33	25	0	0	0
김귀배	21	1962/12/18	53	1979/04/11	52	52	4129	310	306	68	3	4
김도중	52	1991/10/04	24	2015/06/18	51	51	216	2	13	167	1	11
김동수	프	1986/12/23	29	2014/06/05	49	49	808	63	78	347	28	35
김옥성	프	1967/04/05	49	1987/04/01	52	52	7429	517	599	272	7	18
김정준	32	1989/07/04	27	2010/06/09	51	52	1151	69	74	61	4	1
김철호	23	1987/07/20	29	2008/06/18	52	52	1489	118	109	159	12	15
김태훈	미계약	1995/07/17	21	2013/06/01	51	52	262	17	16	0	0	0
김혜선	프	1988/08/31	28	2009/06/01	51	51	2665	200	210	472	39	42
문세영	프	1980/09/04	36	2001/07/06	53	53	6467	1311	980	533	118	88
문정균	06	1973/12/06	42	1998/06/15	51	51	5323	388	464	225	12	9
박병윤	35	1987/04/24	29	2008/06/18	52	52	1600	96	128	254	15	12
박상우	18	1988/03/18	28	2009/06/01	51	51	1620	68	100	11	0	1
박시천	30	1983/01/11	33	2008/06/18	51	51	1354	50	61	52	0	0
박을운	39	1975/04/04	41	1998/06/15	53	53	2461	285	285	230	35	36
박종현	26	1985/11/17	30	2010/06/03	49	49	277	8	15	0	0	0
박태종	프	1965/12/20	50	1987/04/01	51	51	13501	2014	1850	533	48	62
박현우	36	1990/12/01	25	2012/06/07	52	52	1231	89	70	219	19	12
방춘식	01	1969/09/19	47	1990/06/01	52	52	4243	354	347	85	3	4
벨리	프	1972/05/16	44	2016/08/28	52	52	14	0	0	14	0	0
부민호	33	1985/06/03	31	2007/06/01	52	52	1283	98	81	115	4	4
송재철	프	1990/10/24	25	2013/06/01	52	52	1344	65	103	561	30	38
신형철	32	1967/05/30	49	1988/04/01	54	54	6352	680	715	117	14	17
안효리	37	1989/06/04	27	2012/06/07	51	51	1065	60	59	158	10	10
유승완	프	1985/12/17	30	2007/06/01	52	52	2824	215	217	486	36	42
윤영민	28	1973/12/15	42	1996/06/01	52	52	1629	70	83	81	6	5
윤태혁	19	1979/01/03	37	1999/09/01	54	54	1602	109	140	65	8	2
이강서	20	1988/03/19	28	2010/06/09	51	52	892	49	48	0	0	0
이기회	27	1978/11/04	37	2004/06/02	52	52	3043	115	141	107	4	7
이동국	11	1979/11/23	36	2001/07/06	53	52	3054	206	239	83	0	2
이동하	35	1994/07/28	22	2016/06/18	48	48	47	5	2	47	5	2
이상혁	30	1983/03/16	33	2008/06/18	52	52	3003	266	267	387	35	31
이아나	27	1989/01/01	27	2011/08/24	50	50	995	48	44	125	4	3
이애리	28	1980/07/21	36	2002/09/13	51	51	1229	58	71	6	0	0
이준철	48	1980/02/23	36	1999/09/01	53	53	2519	185	219	173	21	22
이찬호	프	1992/05/27	24	2013/06/01	51	52	1277	171	151	462	64	51
이철경	33	1988/08/25	28	2016/06/18	49	49	33	1	2	33	1	2
이해동	52	1988/03/23	28	2009/06/01	51	51	1159	51	55	160	4	6
이혁	프	1987/01/05	29	2011/08/24	51	51	1856	133	135	523	39	41
이현종	50	1993/08/24	23	2015/06/18	49	49	405	58	37	335	50	30
임기원	프	1980/10/10	35	2013/06/19	49	49	828	95	75	433	47	42
임란	프	1977/02/01	39	2016/04/16	50	50	192	15	14	192	15	14
장추열	20	1988/09/11	28	2010/06/09	52	53	1941	162	177	164	19	13
전덕용	39	1980/03/04	36	2001/07/06	53	53	2314	140	159	65	4	7
정정희	23	1993/09/15	23	2014/06/05	49	49	611	29	36	195	12	13
정평수	09	1965/04/16	51	1987/04/01	52	52	4693	282	373	117	3	5
정현	07	1986/06/23	30	2015/06/18	51	51	47	4	4	47	4	4
조성곤	프	1982/01/23	34	2005/05/04	52	52	4540	702	600	427	59	41
조인권	프	1987/01/18	29	2008/06/18	52	52	2495	348	264	183	14	20
조재로	29	1993/09/29	23	2015/06/18	49	49	371	37	36	319	33	34
조한별	미계약	1991/02/04	25	2013/06/01	49	49	597	23	46	0	0	0
지하주	03	1974/04/10	42	1995/07/01	53	53	3160	254	266	79	5	4
최범현	05	1979/04/11	37	2001/07/06	53	53	5585	685	648	233	33	35
최원준	53	1984/08/28	32	2007/06/01	52	52	1806	75	112	99	4	1
페로비치	프	1981/07/17	35	2015/05/01	53	53	614	89	80	428	66	65
하정훈	41	1990/09/04	26	2015/06/18	49	49	299	17	21	271	15	21
한성열	52	1978/12/04	37	1999/09/01	52	52	2831	158	224	122	2	6
함완식	프	1978/01/01	38	1998/06/15	53	53	4967	623	619	259	38	38
황순도	01	1977/10/26	38	1998/06/15	52	52	2170	81	126	44	4	4
황종우	17	1982/07/18	34	2007/05/19	51	51	658	24	30	78	1	2