권석원	미계약	1991/10/30	25	2013/06/01	52	52	446	33	25	0	0	0
김귀배	21	1962/12/18	54	1979/04/11	52	52	4174	311	309	76	3	5
김동수	프	1986/12/23	30	2014/06/05	49	49	968	82	89	387	36	32
김옥성	21	1967/04/05	49	1987/04/01	52	52	7495	518	602	263	5	19
김용근	프	1982/02/12	34	2005/05/04	51	51	2841	459	375	445	77	64
김정준	32	1989/07/04	27	2010/06/09	51	52	1253	71	80	163	6	7
김철호	23	1987/07/20	29	2008/06/18	52	52	1582	126	119	252	20	25
김태훈	17	1995/07/17	21	2013/06/01	51	52	276	18	19	14	1	3
김혜선	53	1988/08/31	28	2009/06/01	51	51	2803	211	223	416	37	41
문세영	프	1980/09/04	36	2001/07/06	53	53	6620	1340	1004	479	109	70
문정균	06	1973/12/06	43	1998/06/15	51	51	5417	401	472	246	20	13
박병윤	35	1987/04/24	29	2008/06/18	52	52	1689	102	134	244	14	16
박상우	18	1988/03/18	28	2009/06/01	51	51	1668	69	105	59	1	6
박시천	30	1983/01/11	34	2008/06/18	51	51	1377	50	62	59	0	1
박을운	39	1975/04/04	41	1998/06/15	53	53	2549	294	295	223	34	32
박종현	26	1985/11/17	31	2010/06/03	49	49	277	8	15	0	0	0
박태종	프	1965/12/20	51	1987/04/01	51	51	13501	2014	1850	304	28	38
박현우	36	1990/12/01	26	2012/06/07	52	52	1281	92	75	177	12	13
방춘식	01	1969/09/19	47	1990/06/01	52	52	4274	354	348	69	2	3
벨리	프	1972/05/16	44	2016/08/28	52	52	176	8	10	176	8	10
부민호	15	1985/06/03	31	2007/06/01	52	52	1354	104	85	136	8	8
송재철	프	1990/10/24	26	2013/06/01	52	52	1454	79	115	520	37	39
신지	프	1980/09/18	36	2017/01/20	52	52	15	0	1	15	0	1
신형철	32	1967/05/30	49	1988/04/01	54	54	6352	680	715	55	9	8
안효리	37	1989/06/04	27	2012/06/07	51	51	1125	62	61	141	6	6
얀	프	1974/03/25	42	2016/12/21	53	53	53	3	5	53	3	5
유승완	프	1985/12/17	31	2007/06/01	52	52	2969	229	225	410	31	35
윤영민	28	1973/12/15	43	1996/06/01	52	52	1654	70	86	73	6	6
윤태혁	19	1979/01/03	38	1999/09/01	54	54	1623	112	145	79	9	6
이강서	20	1988/03/19	28	2010/06/09	51	52	919	49	49	27	0	1
이기회	27	1978/11/04	38	2004/06/02	52	52	3079	115	144	104	3	9
이동국	11	1979/11/23	37	2001/07/06	53	52	3132	210	241	140	4	3
이동하	35	1994/07/28	22	2016/06/18	48	48	144	11	13	144	11	13
이상혁	30	1983/03/16	33	2008/06/18	52	52	3086	276	273	278	33	25
이아나	27	1989/01/01	28	2011/08/24	50	50	1039	52	46	101	7	4
이애리	28	1980/07/21	36	2002/09/13	51	51	1231	58	71	2	0	0
이준철	48	1980/02/23	36	1999/09/01	53	53	2572	190	225	164	17	22
이철경	33	1988/08/25	28	2016/06/18	49	49	143	9	15	143	9	15
이해동	52	1988/03/23	28	2009/06/01	51	51	1179	51	56	114	4	4
이혁	프	1987/01/05	30	2011/08/24	51	51	2050	147	145	543	41	40
이현종	18	1993/08/24	23	2015/06/18	49	49	517	72	47	321	46	29
임기원	프	1980/10/10	36	2013/06/19	49	49	997	118	88	449	54	45
장추열	20	1988/09/11	28	2010/06/09	52	53	2068	175	190	180	18	14
전덕용	39	1980/03/04	36	2001/07/06	53	53	2330	140	160	50	4	5
정정희	23	1993/09/15	23	2014/06/05	49	49	726	36	45	272	17	21
정평수	09	1965/04/16	51	1987/04/01	52	52	4701	283	373	96	3	5
조재로	29	1993/09/29	23	2015/06/18	49	49	483	45	45	303	27	35
조한별	미계약	1991/02/04	26	2013/06/01	49	49	597	23	46	0	0	0
지하주	03	1974/04/10	42	1995/07/01	51	51	3207	256	270	74	2	4
최범현	05	1979/04/11	37	2001/07/06	53	53	5683	703	662	239	41	34
최원준	53	1984/08/28	32	2007/06/01	52	52	1827	75	112	74	1	1
칼슨	프	1991/12/16	25	2017/01/20	52	52	12	2	1	12	2	1
페로비치	프	1981/07/17	35	2015/05/01	53	53	841	130	115	456	78	71
하정훈	54	1990/09/04	26	2015/06/18	49	49	385	22	28	285	16	26
한성열	52	1978/12/04	38	1999/09/01	52	52	2831	158	224	69	2	2
황순도	01	1977/10/26	39	1998/06/15	52	52	2187	82	126	37	4	2
황종우	17	1982/07/18	34	2007/05/19	51	51	689	25	32	90	2	4