권석원	미계약	1991/10/30	24	2013/06/01	52	52	446	33	25	9	1	0
김귀배	21	1962/12/18	53	1979/04/11	52	52	4126	309	305	69	3	4
김도중	52	1991/10/04	24	2015/06/18	51	51	207	2	12	163	1	11
김동수	프	1986/12/23	29	2014/06/05	49	49	783	61	77	338	27	35
김옥성	프	1967/04/05	49	1987/04/01	52	52	7413	516	599	275	7	19
김정준	32	1989/07/04	27	2010/06/09	51	52	1139	69	74	49	4	1
김철호	23	1987/07/20	29	2008/06/18	52	52	1478	118	108	148	12	14
김태훈	미계약	1995/07/17	21	2013/06/01	51	52	262	17	16	0	0	0
김혜선	프	1988/08/31	28	2009/06/01	51	51	2655	197	208	491	37	42
누네스	프	1975/11/12	40	2016/09/04	0 	0 	0	0	0	0	0	0
문세영	프	1980/09/04	36	2001/07/06	53	53	6436	1303	978	524	117	88
문정균	06	1973/12/06	42	1998/06/15	51	51	5314	388	464	216	12	9
미유키	프	1976/01/12	40	2016/09/04	0 	0 	0	0	0	0	0	0
박병윤	35	1987/04/24	29	2008/06/18	52	52	1591	94	128	256	13	13
박상우	18	1988/03/18	28	2009/06/01	51	51	1613	68	100	4	0	1
박시천	30	1983/01/11	33	2008/06/18	51	51	1350	50	61	49	0	0
박을운	39	1975/04/04	41	1998/06/15	53	53	2450	282	284	231	34	36
박종현	26	1985/11/17	30	2010/06/03	49	49	277	8	15	0	0	0
박태종	프	1965/12/20	50	1987/04/01	51	51	13482	2013	1847	542	50	62
박현우	36	1990/12/01	25	2012/06/07	52	52	1225	89	70	228	19	14
방춘식	01	1969/09/19	46	1990/06/01	52	52	4239	354	347	91	4	4
벨리	프	1972/05/16	44	2016/08/28	52	52	3	0	0	3	0	0
부민호	33	1985/06/03	31	2007/06/01	52	52	1283	98	81	126	4	5
송재철	프	1990/10/24	25	2013/06/01	52	52	1315	65	99	547	32	38
신형철	32	1967/05/30	49	1988/04/01	54	54	6352	680	715	130	17	20
안토니오	프	1987/09/20	28	2016/09/04	0 	0 	0	0	0	0	0	0
안효리	37	1989/06/04	27	2012/06/07	51	51	1058	60	58	162	10	9
오셰이	프	1982/02/01	34	2016/09/04	0 	0 	0	0	0	0	0	0
요시하라	프	1983/10/26	32	2016/09/04	0 	0 	0	0	0	0	0	0
웡친추엔	프	1993/11/21	22	2016/09/04	0 	0 	0	0	0	0	0	0
유승완	프	1985/12/17	30	2007/06/01	52	52	2824	215	217	514	38	43
윤영민	28	1973/12/15	42	1996/06/01	52	52	1627	70	83	83	6	6
윤태혁	19	1979/01/03	37	1999/09/01	54	54	1602	109	140	68	8	3
이강서	미계약	1988/03/19	28	2010/06/09	51	52	892	49	48	0	0	0
이기회	27	1978/11/04	37	2004/06/02	52	52	3040	115	140	105	4	6
이동국	11	1979/11/23	36	2001/07/06	53	52	3052	206	239	81	0	2
이동하	35	1994/07/28	22	2016/06/18	48	48	41	3	2	41	3	2
이상혁	30	1983/03/16	33	2008/06/18	52	52	2992	266	266	404	37	31
이아나	27	1989/01/01	27	2011/08/24	50	50	995	48	44	135	5	3
이애리	28	1980/07/21	36	2002/09/13	51	51	1229	58	71	9	0	0
이준철	48	1980/02/23	36	1999/09/01	53	53	2512	184	218	176	20	23
이찬호	프	1992/05/27	24	2013/06/01	51	52	1252	170	148	465	68	50
이철경	33	1988/08/25	28	2016/06/18	49	49	28	1	2	28	1	2
이해동	52	1988/03/23	28	2009/06/01	51	51	1150	49	54	158	2	5
이혁	프	1987/01/05	29	2011/08/24	51	51	1832	132	134	510	40	40
이현종	50	1993/08/24	23	2015/06/18	49	49	392	55	37	338	49	31
임기원	프	1980/10/10	35	2013/06/19	49	49	814	94	74	423	46	42
임란	프	1977/02/01	39	2016/04/16	50	50	175	13	12	175	13	12
장추열	20	1988/09/11	27	2010/06/09	52	53	1927	161	177	163	22	13
전덕용	미계약	1980/03/04	36	2001/07/06	53	53	2312	140	159	65	4	7
정정희	23	1993/09/15	22	2014/06/05	49	49	600	28	36	185	11	13
정평수	09	1965/04/16	51	1987/04/01	52	52	4687	282	373	111	3	5
정현	07	1986/06/23	30	2015/06/18	51	51	47	4	4	47	4	4
조성곤	프	1982/01/23	34	2005/05/04	52	52	4517	700	597	424	61	39
조인권	프	1987/01/18	29	2008/06/18	52	52	2467	347	262	155	13	18
조재로	29	1993/09/29	22	2015/06/18	49	49	357	37	33	321	35	31
조한별	미계약	1991/02/04	25	2013/06/01	49	49	597	23	46	13	0	1
지하주	03	1974/04/10	42	1995/07/01	53	53	3156	254	266	83	5	7
최범현	05	1979/04/11	37	2001/07/06	53	53	5578	685	647	238	33	35
최원준	53	1984/08/28	32	2007/06/01	52	52	1801	75	112	98	4	1
티탄	프	1990/06/03	26	2016/09/04	0 	0 	0	0	0	0	0	0
파둘	프	1993/09/03	23	2016/09/04	0 	0 	0	0	0	0	0	0
페로비치	프	1981/07/17	35	2015/05/01	53	53	583	87	76	423	65	64
페르난도	프	1987/12/18	28	2016/09/04	0 	0 	0	0	0	0	0	0
하정훈	41	1990/09/04	26	2015/06/18	49	49	294	16	20	266	14	20
한성열	52	1978/12/04	37	1999/09/01	52	52	2831	158	224	134	2	8
함완식	프	1978/01/01	38	1998/06/15	53	53	4952	621	618	259	37	38
호반	프	1990/10/03	25	2016/09/04	0 	0 	0	0	0	0	0	0
홀랜드	프	1972/06/14	44	2016/09/04	0 	0 	0	0	0	0	0	0
황순도	01	1977/10/26	38	1998/06/15	52	52	2169	81	126	48	4	4
황종우	17	1982/07/18	34	2007/05/19	51	51	654	24	30	76	1	2
후지이	프	1983/12/31	32	2016/09/04	0 	0 	0	0	0	0	0	0