권석원	미계약	1991/10/30	24	2013/06/01	52	52	446	33	25	25	1	1
김귀배	21	1962/12/18	53	1979/04/11	53	53	4117	308	305	69	2	5
김도중	52	1991/10/04	24	2015/06/18	51	51	181	2	12	167	2	12
김동수	프	1986/12/23	29	2014/06/05	49	49	716	55	68	306	26	33
김옥성	프	1967/04/05	49	1987/04/01	52	52	7373	516	597	288	8	17
김정준	32	1989/07/04	27	2010/06/09	51	52	1104	66	73	14	1	0
김철호	23	1987/07/20	29	2008/06/18	52	52	1457	118	106	150	13	12
김태훈	미계약	1995/07/17	21	2013/06/01	51	52	262	17	16	0	0	0
김혜선	프	1988/08/31	27	2009/06/01	51	51	2593	194	202	479	37	41
문세영	프	1980/09/04	35	2001/07/06	53	53	6379	1294	969	526	119	90
문정균	06	1973/12/06	42	1998/06/15	51	51	5286	388	462	188	12	7
박병윤	35	1987/04/24	29	2008/06/18	52	52	1558	93	124	248	13	15
박상우	미계약	1988/03/18	28	2009/06/01	51	51	1609	68	99	0	0	0
박시천	30	1983/01/11	33	2008/06/18	51	51	1342	50	61	47	0	0
박을운	39	1975/04/04	41	1998/06/15	53	53	2436	280	282	243	34	34
박종현	26	1985/11/17	30	2010/06/03	49	49	277	8	15	0	0	0
박태종	프	1965/12/20	50	1987/04/01	51	51	13450	2007	1846	572	57	65
박현우	36	1990/12/01	25	2012/06/07	52	52	1206	87	69	232	18	15
방춘식	01	1969/09/19	46	1990/06/01	52	52	4234	353	347	98	5	4
부민호	33	1985/06/03	31	2007/06/01	52	52	1281	98	81	131	5	5
송재철	프	1990/10/24	25	2013/06/01	52	52	1242	60	94	507	29	38
신형철	32	1967/05/30	49	1988/04/01	54	54	6345	679	715	143	21	21
안효리	37	1989/06/04	27	2012/06/07	51	51	1052	60	58	181	14	12
유승완	프	1985/12/17	30	2007/06/01	52	52	2805	214	216	543	45	45
윤영민	28	1973/12/15	42	1996/06/01	52	52	1616	67	83	75	3	6
윤태혁	19	1979/01/03	37	1999/09/01	54	54	1592	107	140	62	6	5
이강서	미계약	1988/03/19	28	2010/06/09	51	52	892	49	48	0	0	0
이기회	27	1978/11/04	37	2004/06/02	52	52	3032	115	139	110	4	6
이동국	11	1979/11/23	36	2001/07/06	53	52	3042	206	239	73	0	2
이동하	35	1994/07/28	22	2016/06/18	48	48	14	1	0	14	1	0
이상혁	30	1983/03/16	33	2008/06/18	52	52	2962	261	264	412	34	36
이아나	27	1989/01/01	27	2011/08/24	50	50	995	48	44	148	5	3
이애리	28	1980/07/21	36	2002/09/13	51	51	1229	58	71	12	0	0
이준철	48	1980/02/23	36	1999/09/01	53	53	2484	178	214	166	16	20
이찬호	프	1992/05/27	24	2013/06/01	51	52	1206	162	142	481	72	48
이철경	33	1988/08/25	27	2016/06/18	49	49	5	0	0	5	0	0
이해동	52	1988/03/23	28	2009/06/01	51	51	1130	48	54	138	1	5
이혁	프	1987/01/05	29	2011/08/24	51	51	1769	127	128	516	37	39
이현종	50	1993/08/24	22	2015/06/18	49	49	354	48	34	335	45	31
임기원	프	1980/10/10	35	2013/06/19	49	49	742	88	62	379	44	32
임란	프	1977/02/01	39	2016/04/16	50	50	115	8	7	115	8	7
장추열	20	1988/09/11	27	2010/06/09	52	53	1908	161	177	172	23	17
전덕용	미계약	1980/03/04	36	2001/07/06	53	53	2312	140	159	80	4	8
정정희	23	1993/09/15	22	2014/06/05	49	49	578	25	36	192	12	14
정평수	09	1965/04/16	51	1987/04/01	52	52	4677	282	371	101	3	3
정현	07	1986/06/23	30	2015/06/18	51	51	45	4	4	45	4	4
조성곤	프	1982/01/23	34	2005/05/04	52	52	4478	692	595	422	60	46
조인권	프	1987/01/18	29	2008/06/18	52	52	2399	341	254	87	7	10
조재로	29	1993/09/29	22	2015/06/18	49	49	328	33	28	315	32	28
조한별	미계약	1991/02/04	25	2013/06/01	49	49	597	23	46	45	1	4
지하주	03	1974/04/10	42	1995/07/01	53	53	3151	254	266	98	5	9
최범현	05	1979/04/11	37	2001/07/06	53	53	5557	679	644	240	29	35
최원준	53	1984/08/28	31	2007/06/01	52	52	1793	75	112	94	5	1
페로비치	프	1981/07/17	35	2015/05/01	53	53	569	84	73	455	66	65
하정훈	41	1990/09/04	25	2015/06/18	49	49	258	15	15	249	13	15
한성열	52	1978/12/04	37	1999/09/01	52	52	2815	158	224	135	3	8
함완식	프	1978/01/01	38	1998/06/15	53	53	4918	620	613	264	40	44
황순도	01	1977/10/26	38	1998/06/15	52	52	2164	81	126	51	4	4
황종우	17	1982/07/18	34	2007/05/19	51	51	643	24	30	65	1	2