권석원	미계약	1991/10/30	24	2013/06/01	52	52	446	33	25	17	1	0
김귀배	21	1962/12/18	53	1979/04/11	53	53	4121	308	305	66	2	4
김도중	52	1991/10/04	24	2015/06/18	51	51	202	2	12	170	1	11
김동수	프	1986/12/23	29	2014/06/05	49	49	758	59	74	327	27	35
김옥성	프	1967/04/05	49	1987/04/01	52	52	7401	516	599	284	7	19
김정준	32	1989/07/04	27	2010/06/09	51	52	1127	67	74	37	2	1
김철호	23	1987/07/20	29	2008/06/18	52	52	1466	118	107	154	13	13
김태훈	미계약	1995/07/17	21	2013/06/01	51	52	262	17	16	0	0	0
김혜선	프	1988/08/31	27	2009/06/01	51	51	2633	196	206	486	37	42
문세영	프	1980/09/04	35	2001/07/06	53	53	6421	1302	975	537	123	89
문정균	06	1973/12/06	42	1998/06/15	51	51	5306	388	462	208	12	7
박병윤	35	1987/04/24	29	2008/06/18	52	52	1578	94	127	252	13	15
박상우	18	1988/03/18	28	2009/06/01	51	51	1609	68	99	0	0	0
박시천	30	1983/01/11	33	2008/06/18	51	51	1348	50	61	47	0	0
박을운	39	1975/04/04	41	1998/06/15	53	53	2444	282	283	238	35	35
박종현	26	1985/11/17	30	2010/06/03	49	49	277	8	15	0	0	0
박태종	프	1965/12/20	50	1987/04/01	51	51	13469	2011	1846	552	53	61
박현우	36	1990/12/01	25	2012/06/07	52	52	1221	87	69	231	17	14
방춘식	01	1969/09/19	46	1990/06/01	52	52	4237	354	347	89	4	4
부민호	33	1985/06/03	31	2007/06/01	52	52	1283	98	81	128	5	5
송재철	프	1990/10/24	25	2013/06/01	52	52	1291	65	98	537	33	39
신형철	32	1967/05/30	49	1988/04/01	54	54	6352	680	715	133	19	20
안효리	37	1989/06/04	27	2012/06/07	51	51	1054	60	58	170	12	10
유승완	프	1985/12/17	30	2007/06/01	52	52	2824	215	217	537	42	44
윤영민	28	1973/12/15	42	1996/06/01	52	52	1626	70	83	82	6	6
윤태혁	19	1979/01/03	37	1999/09/01	54	54	1601	109	140	69	8	4
이강서	미계약	1988/03/19	28	2010/06/09	51	52	892	49	48	0	0	0
이기회	27	1978/11/04	37	2004/06/02	52	52	3036	115	139	104	4	5
이동국	11	1979/11/23	36	2001/07/06	53	52	3049	206	239	78	0	2
이동하	35	1994/07/28	22	2016/06/18	48	48	35	1	1	35	1	1
이상혁	30	1983/03/16	33	2008/06/18	52	52	2983	264	266	409	36	32
이아나	27	1989/01/01	27	2011/08/24	50	50	995	48	44	142	5	3
이애리	28	1980/07/21	36	2002/09/13	51	51	1229	58	71	10	0	0
이준철	48	1980/02/23	36	1999/09/01	53	53	2502	181	215	172	17	20
이찬호	프	1992/05/27	24	2013/06/01	51	52	1236	166	146	471	68	49
이철경	33	1988/08/25	28	2016/06/18	49	49	16	0	1	16	0	1
이해동	52	1988/03/23	28	2009/06/01	51	51	1141	49	54	149	2	5
이혁	프	1987/01/05	29	2011/08/24	51	51	1810	132	132	517	40	40
이현종	50	1993/08/24	23	2015/06/18	49	49	378	50	36	336	46	32
임기원	프	1980/10/10	35	2013/06/19	49	49	787	93	72	410	48	41
임란	프	1977/02/01	39	2016/04/16	50	50	153	11	11	153	11	11
장추열	20	1988/09/11	27	2010/06/09	52	53	1912	161	177	159	23	14
전덕용	미계약	1980/03/04	36	2001/07/06	53	53	2312	140	159	72	4	7
정정희	23	1993/09/15	22	2014/06/05	49	49	586	25	36	178	8	13
정평수	09	1965/04/16	51	1987/04/01	52	52	4686	282	373	110	3	5
정현	07	1986/06/23	30	2015/06/18	51	51	47	4	4	47	4	4
조성곤	프	1982/01/23	34	2005/05/04	52	52	4499	696	597	415	59	40
조인권	프	1987/01/18	29	2008/06/18	52	52	2438	343	259	126	9	15
조재로	29	1993/09/29	22	2015/06/18	49	49	342	35	30	316	34	28
조한별	미계약	1991/02/04	25	2013/06/01	49	49	597	23	46	25	0	3
지하주	03	1974/04/10	42	1995/07/01	53	53	3153	254	266	88	5	8
최범현	05	1979/04/11	37	2001/07/06	53	53	5575	684	646	243	32	34
최원준	53	1984/08/28	31	2007/06/01	52	52	1798	75	112	96	4	1
페로비치	프	1981/07/17	35	2015/05/01	53	53	569	84	73	427	63	64
하정훈	41	1990/09/04	25	2015/06/18	49	49	280	16	17	252	14	17
한성열	52	1978/12/04	37	1999/09/01	52	52	2827	158	224	139	2	8
함완식	프	1978/01/01	38	1998/06/15	53	53	4938	621	614	259	37	40
황순도	01	1977/10/26	38	1998/06/15	52	52	2167	81	126	49	4	4
황종우	17	1982/07/18	34	2007/05/19	51	51	653	24	30	75	1	2