권석원	미계약	1991/10/30	24	2013/06/01	52	52	446	33	25	0	0	0
김귀배	21	1962/12/18	53	1979/04/11	52	52	4139	310	307	61	3	3
김도중	52	1991/10/04	25	2015/06/18	51	51	218	2	13	152	1	9
김동수	프	1986/12/23	29	2014/06/05	49	49	843	64	81	352	26	34
김옥성	프	1967/04/05	49	1987/04/01	52	52	7455	517	601	270	7	18
김정준	32	1989/07/04	27	2010/06/09	51	52	1168	69	74	78	4	1
김철호	23	1987/07/20	29	2008/06/18	52	52	1509	119	110	179	13	16
김태훈	미계약	1995/07/17	21	2013/06/01	51	52	262	17	16	0	0	0
김혜선	프	1988/08/31	28	2009/06/01	51	51	2696	201	213	455	36	40
문세영	프	1980/09/04	36	2001/07/06	53	53	6480	1316	981	491	111	77
문정균	06	1973/12/06	42	1998/06/15	51	51	5350	394	466	252	18	11
박병윤	35	1987/04/24	29	2008/06/18	52	52	1615	99	129	250	17	12
박상우	18	1988/03/18	28	2009/06/01	51	51	1635	69	101	26	1	2
박시천	30	1983/01/11	33	2008/06/18	51	51	1358	50	61	54	0	0
박을운	39	1975/04/04	41	1998/06/15	53	53	2481	287	287	232	36	38
박종현	26	1985/11/17	30	2010/06/03	49	49	277	8	15	0	0	0
박태종	프	1965/12/20	50	1987/04/01	51	51	13501	2014	1850	479	44	59
박현우	36	1990/12/01	25	2012/06/07	52	52	1240	89	72	212	17	12
방춘식	01	1969/09/19	47	1990/06/01	52	52	4247	354	347	73	3	4
벨리	프	1972/05/16	44	2016/08/28	52	52	39	1	0	39	1	0
부민호	33	1985/06/03	31	2007/06/01	52	52	1289	98	81	97	3	4
송재철	프	1990/10/24	26	2013/06/01	52	52	1389	71	108	580	33	38
신형철	32	1967/05/30	49	1988/04/01	54	54	6352	680	715	97	10	15
안효리	37	1989/06/04	27	2012/06/07	51	51	1080	60	60	144	8	11
유승완	프	1985/12/17	30	2007/06/01	52	52	2833	216	217	443	35	38
윤영민	28	1973/12/15	42	1996/06/01	52	52	1631	70	83	78	6	5
윤태혁	19	1979/01/03	37	1999/09/01	54	54	1604	109	142	65	7	4
이강서	20	1988/03/19	28	2010/06/09	51	52	904	49	49	12	0	1
이기회	27	1978/11/04	37	2004/06/02	52	52	3052	115	142	111	4	8
이동국	11	1979/11/23	36	2001/07/06	53	52	3063	207	240	90	1	3
이동하	35	1994/07/28	22	2016/06/18	48	48	71	7	9	71	7	9
이상혁	30	1983/03/16	33	2008/06/18	52	52	3016	267	268	355	34	27
이아나	27	1989/01/01	27	2011/08/24	50	50	998	49	44	114	5	3
이애리	28	1980/07/21	36	2002/09/13	51	51	1229	58	71	3	0	0
이준철	48	1980/02/23	36	1999/09/01	53	53	2519	185	219	157	19	21
이찬호	프	1992/05/27	24	2013/06/01	51	52	1319	177	156	456	61	52
이철경	33	1988/08/25	28	2016/06/18	49	49	51	1	3	51	1	3
이해동	52	1988/03/23	28	2009/06/01	51	51	1169	51	56	155	4	6
이혁	프	1987/01/05	29	2011/08/24	51	51	1886	133	138	520	39	38
이현종	50	1993/08/24	23	2015/06/18	49	49	434	62	41	342	50	33
임기원	프	1980/10/10	36	2013/06/19	49	49	848	100	78	426	49	44
임란	프	1977/02/01	39	2016/04/16	50	50	229	19	15	229	19	15
장추열	20	1988/09/11	28	2010/06/09	52	53	1965	164	180	167	19	14
전덕용	39	1980/03/04	36	2001/07/06	53	53	2315	140	159	56	4	5
정정희	23	1993/09/15	23	2014/06/05	49	49	639	31	36	223	14	13
정평수	09	1965/04/16	51	1987/04/01	52	52	4701	283	373	125	4	5
정현	07	1986/06/23	30	2015/06/18	51	51	47	4	4	37	4	4
조성곤	프	1982/01/23	34	2005/05/04	52	52	4587	708	606	438	57	43
조인권	프	1987/01/18	29	2008/06/18	52	52	2544	353	272	232	19	28
조재로	29	1993/09/29	23	2015/06/18	49	49	396	40	38	320	36	36
조한별	미계약	1991/02/04	25	2013/06/01	49	49	597	23	46	0	0	0
지하주	03	1974/04/10	42	1995/07/01	53	53	3168	254	267	66	3	4
최범현	05	1979/04/11	37	2001/07/06	53	53	5609	691	653	235	36	36
최원준	53	1984/08/28	32	2007/06/01	52	52	1812	75	112	93	4	1
페로비치	프	1981/07/17	35	2015/05/01	53	53	660	97	85	448	73	68
하정훈	41	1990/09/04	26	2015/06/18	49	49	313	17	21	285	15	21
한성열	52	1978/12/04	37	1999/09/01	52	52	2831	158	224	106	2	4
함완식	프	1978/01/01	38	1998/06/15	53	53	4990	625	621	249	31	38
황순도	01	1977/10/26	39	1998/06/15	52	52	2175	81	126	44	4	3
황종우	17	1982/07/18	34	2007/05/19	51	51	663	24	30	83	1	2