고성이	16	1974/05/10	41	1996/06/01	54	54	1932	91	103	0	0	0
권석원	미계약	1991/10/30	24	2013/06/01	52	52	446	33	25	77	3	3
김귀배	21	1962/12/18	53	1979/04/11	53	53	4106	308	304	97	3	5
김도중	05	1991/10/04	24	2015/06/18	50	50	131	1	10	131	1	10
김동수	37	1986/12/23	29	2014/06/05	49	49	630	49	62	338	24	40
김석봉	19	1978/09/02	37	2002/09/13	53	53	1647	69	54	31	0	2
김영진	44	1978/08/17	37	2001/07/06	53	53	2011	119	128	37	0	2
김옥성	프	1967/04/05	48	1987/04/01	52	52	7268	514	586	350	16	16
김정준	미계약	1989/07/04	26	2010/06/09	51	52	1090	65	73	0	0	0
김철호	23	1987/07/20	28	2008/06/18	52	52	1371	109	99	246	19	16
김태훈	미계약	1995/07/17	20	2013/06/01	51	52	262	17	16	0	0	0
김혜선	프	1988/08/31	27	2009/06/01	51	51	2451	184	183	527	45	36
다카하시	미계약	1987/04/14	28	2015/07/08	52	52	399	26	39	399	26	39
딘홀랜드	프	1988/09/12	27	2016/03/01	49	49	6	0	0	6	0	0
문세영	프	1980/09/04	35	2001/07/06	53	53	6217	1251	951	593	140	126
문정균	06	1973/12/06	42	1998/06/15	51	51	5215	384	460	117	8	5
박병윤	35	1987/04/24	28	2008/06/18	52	52	1468	89	121	228	12	13
박상우	미계약	1988/03/18	28	2009/06/01	51	51	1609	68	99	0	0	0
박시천	30	1983/01/11	33	2008/06/18	51	51	1324	50	61	64	1	0
박을운	39	1975/04/04	40	1998/06/15	53	53	2360	268	268	269	38	34
박종현	26	1985/11/17	30	2010/06/03	49	49	277	8	15	0	0	0
박태종	프	1965/12/20	50	1987/04/01	51	51	13283	1992	1817	634	62	55
박현우	36	1990/12/01	25	2012/06/07	52	52	1141	82	62	292	19	17
방춘식	01	1969/09/19	46	1990/06/01	52	52	4224	352	346	129	7	7
부민호	33	1985/06/03	30	2007/06/01	52	52	1235	96	78	85	3	2
서도수	39	1976/09/01	39	2002/09/13	52	52	1053	35	44	21	0	0
송재철	프	1990/10/24	25	2013/06/01	49	49	1020	46	82	395	24	33
신대전	34	1974/03/07	42	1996/06/01	48	50	2174	58	71	23	1	0
신형철	32	1967/05/30	48	1988/04/01	54	54	6315	675	708	173	22	24
안효리	20	1989/06/04	26	2012/06/07	51	51	1008	57	55	230	17	13
유미라	38	1984/03/11	32	2008/06/18	51	51	958	12	26	36	0	1
유승완	프	1985/12/17	30	2007/06/01	52	52	2644	203	199	561	52	48
유재필	11	1980/10/29	35	2001/07/06	51	51	1126	34	57	3	0	0
윤영민	28	1973/12/15	42	1996/06/01	52	52	1592	64	81	81	0	6
윤태혁	19	1979/01/03	37	1999/09/01	54	54	1553	103	139	54	4	8
이강서	미계약	1988/03/19	28	2010/06/09	51	52	892	49	48	0	0	0
이금주	14	1976/11/26	39	2001/07/06	48	48	956	27	51	55	2	1
이기회	27	1978/11/04	37	2004/06/02	52	52	2996	112	135	112	2	2
이동국	11	1979/11/23	36	2001/07/06	53	53	3010	206	238	71	0	1
이상혁	프	1983/03/16	33	2008/06/18	52	52	2858	244	255	418	27	35
이아나	27	1989/01/01	27	2011/08/24	50	50	955	47	43	184	5	3
이애리	28	1980/07/21	35	2002/09/13	51	51	1229	58	71	27	0	0
이준철	48	1980/02/23	36	1999/09/01	53	53	2431	173	206	176	13	20
이찬호	프	1992/05/27	23	2013/06/01	51	52	1043	137	126	435	61	48
이해동	52	1988/03/23	28	2009/06/01	51	51	1088	47	52	96	0	3
이혁	프	1987/01/05	29	2011/08/24	51	51	1594	109	111	545	32	37
이현종	50	1993/08/24	22	2015/06/18	49	49	244	36	20	244	36	20
임기원	프	1980/10/10	35	2013/06/19	49	49	634	72	46	357	38	24
장추열	20	1988/09/11	27	2010/06/09	52	53	1908	161	177	273	39	27
전덕용	34	1980/03/04	36	2001/07/06	53	53	2295	139	158	142	5	11
정정희	23	1993/09/15	22	2014/06/05	49	49	493	20	26	208	11	9
정평수	09	1965/04/16	50	1987/04/01	52	52	4629	280	369	83	1	3
정현	18	1986/06/23	29	2015/06/18	51	51	44	4	4	44	4	4
조성곤	프	1982/01/23	34	2005/05/04	52	52	4359	676	585	484	86	65
조인권	미계약	1987/01/18	29	2008/06/18	52	52	2312	334	244	0	0	0
조재로	29	1993/09/29	22	2015/06/18	49	49	224	22	13	224	22	13
조한별	미계약	1991/02/04	25	2013/06/01	49	49	597	23	46	101	3	4
지하주	03	1974/04/10	41	1995/07/01	53	53	3145	254	266	126	8	9
최범현	05	1979/04/11	36	2001/07/06	53	53	5479	666	632	280	32	43
최원준	34	1984/08/28	31	2007/06/01	52	52	1766	75	112	89	5	4
페로비치	프	1981/07/17	34	2015/05/01	53	53	477	67	58	477	67	58
하정훈	41	1990/09/04	25	2015/06/18	49	49	147	7	6	147	7	6
한성열	52	1978/12/04	37	1999/09/01	52	52	2786	157	224	191	4	16
함완식	52	1978/01/01	38	1998/06/15	53	53	4854	607	603	335	46	57
황순도	01	1977/10/26	38	1998/06/15	52	52	2157	78	125	96	3	4
황종우	17	1982/07/18	33	2007/05/19	51	51	619	23	30	47	1	2