고성이	16	1974/05/10	42	1996/06/01	54	54	1932	91	103	0	0	0
권석원	미계약	1991/10/30	24	2013/06/01	52	52	446	33	25	51	1	2
김귀배	21	1962/12/18	53	1979/04/11	53	53	4112	308	304	83	3	4
김도중	52	1991/10/04	24	2015/06/18	51	51	145	2	10	145	2	10
김동수	37	1986/12/23	29	2014/06/05	49	49	676	53	67	329	27	41
김석봉	19	1978/09/02	37	2002/09/13	53	53	1648	69	54	19	0	2
김영진	44	1978/08/17	37	2001/07/06	53	53	2011	119	128	37	0	2
김옥성	프	1967/04/05	49	1987/04/01	52	52	7322	515	591	306	14	15
김정준	32	1989/07/04	26	2010/06/09	51	52	1090	65	73	0	0	0
김철호	23	1987/07/20	28	2008/06/18	52	52	1416	114	102	183	16	12
김태훈	미계약	1995/07/17	20	2013/06/01	51	52	262	17	16	0	0	0
김혜선	프	1988/08/31	27	2009/06/01	51	51	2510	191	185	500	40	30
딘홀랜드	프	1988/09/12	27	2016/03/01	49	49	90	6	6	90	6	6
문세영	프	1980/09/04	35	2001/07/06	53	53	6320	1277	963	593	140	115
문정균	06	1973/12/06	42	1998/06/15	51	51	5247	386	460	149	10	5
박병윤	35	1987/04/24	29	2008/06/18	52	52	1509	90	122	232	11	13
박상우	미계약	1988/03/18	28	2009/06/01	51	51	1609	68	99	0	0	0
박시천	30	1983/01/11	33	2008/06/18	51	51	1335	50	61	64	1	0
박을운	39	1975/04/04	41	1998/06/15	53	53	2396	271	273	250	31	26
박종현	26	1985/11/17	30	2010/06/03	49	49	277	8	15	0	0	0
박태종	프	1965/12/20	50	1987/04/01	51	51	13365	2001	1830	603	61	58
박현우	36	1990/12/01	25	2012/06/07	52	52	1172	85	65	258	20	17
방춘식	01	1969/09/19	46	1990/06/01	52	52	4228	352	347	123	7	6
부민호	33	1985/06/03	30	2007/06/01	52	52	1260	97	79	110	4	3
서도수	39	1976/09/01	39	2002/09/13	52	52	1054	35	44	14	0	0
송재철	프	1990/10/24	25	2013/06/01	52	52	1126	51	88	445	26	37
신대전	34	1974/03/07	42	1996/06/01	48	50	2185	58	71	26	1	0
신형철	32	1967/05/30	48	1988/04/01	54	54	6330	677	712	160	21	24
안효리	20	1989/06/04	26	2012/06/07	51	51	1036	59	57	211	15	13
유미라	38	1984/03/11	32	2008/06/18	51	51	958	12	26	32	0	1
유승완	프	1985/12/17	30	2007/06/01	52	52	2713	204	208	554	42	47
유재필	11	1980/10/29	35	2001/07/06	51	51	1126	34	57	3	0	0
윤영민	28	1973/12/15	42	1996/06/01	52	52	1604	66	81	79	2	5
윤태혁	19	1979/01/03	37	1999/09/01	54	54	1573	105	139	53	5	6
이강서	미계약	1988/03/19	28	2010/06/09	51	52	892	49	48	0	0	0
이금주	14	1976/11/26	39	2001/07/06	48	48	968	27	52	55	2	2
이기회	27	1978/11/04	37	2004/06/02	52	52	3016	114	138	104	3	5
이동국	11	1979/11/23	36	2001/07/06	53	52	3032	206	239	75	0	2
이상혁	프	1983/03/16	33	2008/06/18	52	52	2907	253	259	415	31	37
이아나	27	1989/01/01	27	2011/08/24	50	50	975	48	43	158	5	2
이애리	28	1980/07/21	35	2002/09/13	51	51	1229	58	71	16	0	0
이준철	48	1980/02/23	36	1999/09/01	53	53	2456	175	210	164	13	19
이찬호	프	1992/05/27	23	2013/06/01	51	52	1092	139	134	446	56	50
이해동	52	1988/03/23	28	2009/06/01	51	51	1109	48	53	117	1	4
이혁	프	1987/01/05	29	2011/08/24	51	51	1669	114	118	522	32	37
이현종	50	1993/08/24	22	2015/06/18	49	49	303	42	31	303	42	31
임기원	프	1980/10/10	35	2013/06/19	49	49	668	77	53	366	39	27
임란	프	1977/02/01	39	2016/04/16	50	50	27	2	2	27	2	2
장추열	20	1988/09/11	27	2010/06/09	52	53	1908	161	177	224	27	26
전덕용	34	1980/03/04	36	2001/07/06	53	53	2310	140	159	113	5	10
정정희	23	1993/09/15	22	2014/06/05	49	49	535	23	32	209	12	13
정평수	09	1965/04/16	51	1987/04/01	52	52	4652	281	370	88	2	2
정현	18	1986/06/23	29	2015/06/18	51	51	44	4	4	44	4	4
조성곤	프	1982/01/23	34	2005/05/04	52	52	4435	688	592	480	81	59
조인권	14	1987/01/18	29	2008/06/18	52	52	2312	334	244	0	0	0
조재로	29	1993/09/29	22	2015/06/18	49	49	270	28	19	270	28	19
조한별	미계약	1991/02/04	25	2013/06/01	49	49	597	23	46	101	3	4
지하주	03	1974/04/10	42	1995/07/01	53	53	3146	254	266	127	8	9
최범현	05	1979/04/11	37	2001/07/06	53	53	5520	674	637	266	34	38
최원준	34	1984/08/28	31	2007/06/01	52	52	1783	75	112	91	5	4
패트릭	프	1992/06/12	23	2016/04/16	52	52	6	0	0	6	0	0
페로비치	프	1981/07/17	34	2015/05/01	53	53	553	81	72	531	81	70
하정훈	41	1990/09/04	25	2015/06/18	49	49	196	12	10	196	12	10
한성열	52	1978/12/04	37	1999/09/01	52	52	2799	157	224	171	3	14
함완식	52	1978/01/01	38	1998/06/15	53	53	4868	612	604	271	38	47
황순도	01	1977/10/26	38	1998/06/15	52	52	2162	80	126	77	4	4
황종우	17	1982/07/18	33	2007/05/19	51	51	624	23	30	48	0	2