권석원	미계약	1991/10/30	24	2013/06/01	52	52	446	33	25	21	1	1
김귀배	21	1962/12/18	53	1979/04/11	53	53	4118	308	305	68	2	5
김도중	52	1991/10/04	24	2015/06/18	51	51	187	2	12	167	2	11
김동수	프	1986/12/23	29	2014/06/05	49	49	731	56	71	314	26	35
김옥성	프	1967/04/05	49	1987/04/01	52	52	7381	516	598	282	8	18
김정준	32	1989/07/04	27	2010/06/09	51	52	1111	66	73	21	1	0
김철호	23	1987/07/20	29	2008/06/18	52	52	1464	118	107	157	13	13
김태훈	미계약	1995/07/17	21	2013/06/01	51	52	262	17	16	0	0	0
김혜선	프	1988/08/31	27	2009/06/01	51	51	2608	194	202	482	37	39
문세영	프	1980/09/04	35	2001/07/06	53	53	6396	1300	970	526	122	87
문정균	06	1973/12/06	42	1998/06/15	51	51	5293	388	462	195	12	7
박병윤	35	1987/04/24	29	2008/06/18	52	52	1565	94	125	251	14	16
박상우	미계약	1988/03/18	28	2009/06/01	51	51	1609	68	99	0	0	0
박시천	30	1983/01/11	33	2008/06/18	51	51	1344	50	61	47	0	0
박을운	39	1975/04/04	41	1998/06/15	53	53	2444	282	283	244	36	35
박종현	26	1985/11/17	30	2010/06/03	49	49	277	8	15	0	0	0
박태종	프	1965/12/20	50	1987/04/01	51	51	13450	2007	1846	556	54	61
박현우	36	1990/12/01	25	2012/06/07	52	52	1212	87	69	233	17	14
방춘식	01	1969/09/19	46	1990/06/01	52	52	4236	353	347	96	3	4
부민호	33	1985/06/03	31	2007/06/01	52	52	1282	98	81	131	5	5
송재철	프	1990/10/24	25	2013/06/01	52	52	1259	62	94	517	30	37
신형철	32	1967/05/30	49	1988/04/01	54	54	6352	680	715	143	21	20
안효리	37	1989/06/04	27	2012/06/07	51	51	1052	60	58	176	14	11
유승완	프	1985/12/17	30	2007/06/01	52	52	2819	215	217	546	43	45
윤영민	28	1973/12/15	42	1996/06/01	52	52	1619	68	83	77	4	6
윤태혁	19	1979/01/03	37	1999/09/01	54	54	1596	108	140	64	7	4
이강서	미계약	1988/03/19	28	2010/06/09	51	52	892	49	48	0	0	0
이기회	27	1978/11/04	37	2004/06/02	52	52	3032	115	139	105	4	6
이동국	11	1979/11/23	36	2001/07/06	53	52	3045	206	239	75	0	2
이동하	35	1994/07/28	22	2016/06/18	48	48	21	1	0	21	1	0
이상혁	30	1983/03/16	33	2008/06/18	52	52	2970	261	266	412	34	37
이아나	27	1989/01/01	27	2011/08/24	50	50	995	48	44	147	5	3
이애리	28	1980/07/21	36	2002/09/13	51	51	1229	58	71	12	0	0
이준철	48	1980/02/23	36	1999/09/01	53	53	2491	179	215	170	17	21
이찬호	프	1992/05/27	24	2013/06/01	51	52	1211	163	142	473	70	48
이철경	33	1988/08/25	27	2016/06/18	49	49	5	0	0	5	0	0
이해동	52	1988/03/23	28	2009/06/01	51	51	1134	48	54	142	1	5
이혁	프	1987/01/05	29	2011/08/24	51	51	1785	129	130	519	39	40
이현종	50	1993/08/24	22	2015/06/18	49	49	362	49	34	336	46	30
임기원	프	1980/10/10	35	2013/06/19	49	49	761	89	66	391	44	36
임란	프	1977/02/01	39	2016/04/16	50	50	130	8	10	130	8	10
장추열	20	1988/09/11	27	2010/06/09	52	53	1908	161	177	166	23	17
전덕용	미계약	1980/03/04	36	2001/07/06	53	53	2312	140	159	78	4	7
정정희	23	1993/09/15	22	2014/06/05	49	49	578	25	36	185	11	14
정평수	09	1965/04/16	51	1987/04/01	52	52	4677	282	371	101	3	3
정현	07	1986/06/23	30	2015/06/18	51	51	47	4	4	47	4	4
조성곤	프	1982/01/23	34	2005/05/04	52	52	4478	692	595	422	60	46
조인권	프	1987/01/18	29	2008/06/18	52	52	2412	341	255	100	7	11
조재로	29	1993/09/29	22	2015/06/18	49	49	338	34	30	318	33	29
조한별	미계약	1991/02/04	25	2013/06/01	49	49	597	23	46	38	1	4
지하주	03	1974/04/10	42	1995/07/01	53	53	3151	254	266	93	5	9
최범현	05	1979/04/11	37	2001/07/06	53	53	5562	681	645	241	31	36
최원준	53	1984/08/28	31	2007/06/01	52	52	1794	75	112	93	5	1
페로비치	프	1981/07/17	35	2015/05/01	53	53	569	84	73	445	64	65
하정훈	41	1990/09/04	25	2015/06/18	49	49	266	15	15	250	13	15
한성열	52	1978/12/04	37	1999/09/01	52	52	2819	158	224	134	2	8
함완식	프	1978/01/01	38	1998/06/15	53	53	4918	620	613	258	38	42
황순도	01	1977/10/26	38	1998/06/15	52	52	2164	81	126	49	4	4
황종우	17	1982/07/18	34	2007/05/19	51	51	645	24	30	67	1	2