권석원	미계약	1991/10/30	25	2013/06/01	52	52	446	33	25	0	0	0
김귀배	21	1962/12/18	54	1979/04/11	52	52	4173	311	309	77	3	5
김동수	프	1986/12/23	30	2014/06/05	49	49	957	79	87	390	34	32
김옥성	21	1967/04/05	49	1987/04/01	52	52	7495	518	602	263	5	19
김용근	프	1982/02/12	34	2005/05/04	51	51	2809	456	372	440	79	64
김정준	32	1989/07/04	27	2010/06/09	51	52	1239	71	79	149	6	6
김철호	23	1987/07/20	29	2008/06/18	52	52	1569	124	117	239	18	23
김태훈	17	1995/07/17	21	2013/06/01	51	52	262	17	16	0	0	0
김혜선	53	1988/08/31	28	2009/06/01	51	51	2798	211	223	432	39	45
문세영	프	1980/09/04	36	2001/07/06	53	53	6595	1336	998	477	109	68
문정균	06	1973/12/06	43	1998/06/15	51	51	5409	401	471	248	21	12
박병윤	35	1987/04/24	29	2008/06/18	52	52	1683	102	133	245	16	15
박상우	18	1988/03/18	28	2009/06/01	51	51	1656	69	102	47	1	3
박시천	30	1983/01/11	34	2008/06/18	51	51	1374	50	62	58	0	1
박을운	39	1975/04/04	41	1998/06/15	53	53	2536	294	292	224	36	32
박종현	26	1985/11/17	31	2010/06/03	49	49	277	8	15	0	0	0
박태종	프	1965/12/20	51	1987/04/01	51	51	13501	2014	1850	338	32	43
박현우	36	1990/12/01	26	2012/06/07	52	52	1276	91	74	178	12	12
방춘식	01	1969/09/19	47	1990/06/01	52	52	4274	354	348	74	2	5
벨리	프	1972/05/16	44	2016/08/28	52	52	163	8	10	163	8	10
부민호	15	1985/06/03	31	2007/06/01	52	52	1341	103	85	123	7	8
송재철	프	1990/10/24	26	2013/06/01	52	52	1436	76	114	518	35	39
신형철	32	1967/05/30	49	1988/04/01	54	54	6352	680	715	58	9	9
안효리	37	1989/06/04	27	2012/06/07	51	51	1116	62	61	139	6	8
얀	프	1974/03/25	42	2016/12/21	53	53	31	3	4	31	3	4
유승완	프	1985/12/17	31	2007/06/01	52	52	2944	226	224	413	33	34
윤영민	28	1973/12/15	43	1996/06/01	52	52	1646	70	84	71	6	4
윤태혁	19	1979/01/03	38	1999/09/01	54	54	1617	110	145	73	7	6
이강서	20	1988/03/19	28	2010/06/09	51	52	919	49	49	27	0	1
이기회	27	1978/11/04	38	2004/06/02	52	52	3074	115	144	108	3	9
이동국	11	1979/11/23	37	2001/07/06	53	52	3119	210	241	130	4	3
이동하	35	1994/07/28	22	2016/06/18	48	48	128	11	12	128	11	12
이상혁	30	1983/03/16	33	2008/06/18	52	52	3072	275	272	289	33	24
이아나	27	1989/01/01	28	2011/08/24	50	50	1031	52	46	101	7	4
이애리	28	1980/07/21	36	2002/09/13	51	51	1231	58	71	2	0	0
이준철	48	1980/02/23	36	1999/09/01	53	53	2564	189	225	162	18	22
이철경	33	1988/08/25	28	2016/06/18	49	49	124	4	13	124	4	13
이해동	52	1988/03/23	28	2009/06/01	51	51	1173	51	56	113	4	5
이혁	프	1987/01/05	30	2011/08/24	51	51	2020	145	145	542	40	40
이현종	18	1993/08/24	23	2015/06/18	49	49	509	70	47	331	45	31
임기원	프	1980/10/10	36	2013/06/19	49	49	981	116	88	458	54	46
장추열	20	1988/09/11	28	2010/06/09	52	53	2056	174	190	182	18	16
전덕용	39	1980/03/04	36	2001/07/06	53	53	2327	140	160	49	4	5
정정희	23	1993/09/15	23	2014/06/05	49	49	711	34	45	273	17	22
정평수	09	1965/04/16	51	1987/04/01	52	52	4701	283	373	104	3	5
조재로	29	1993/09/29	23	2015/06/18	49	49	470	44	44	306	28	35
조한별	미계약	1991/02/04	25	2013/06/01	49	49	597	23	46	0	0	0
지하주	03	1974/04/10	42	1995/07/01	51	51	3202	256	270	74	2	4
최범현	05	1979/04/11	37	2001/07/06	53	53	5670	703	658	238	41	31
최원준	53	1984/08/28	32	2007/06/01	52	52	1824	75	112	80	2	1
페로비치	프	1981/07/17	35	2015/05/01	53	53	828	127	112	471	79	74
하정훈	54	1990/09/04	26	2015/06/18	49	49	371	21	28	278	16	27
한성열	52	1978/12/04	38	1999/09/01	52	52	2831	158	224	74	2	2
황순도	01	1977/10/26	39	1998/06/15	52	52	2185	82	126	38	4	2
황종우	17	1982/07/18	34	2007/05/19	51	51	683	25	31	90	2	3