권석원	미계약	1991/10/30	25	2013/06/01	52	52	446	33	25	0	0	0
김귀배	21	1962/12/18	54	1979/04/11	52	52	4188	311	310	86	3	6
김동수	프	1986/12/23	30	2014/06/05	49	49	1021	84	94	411	36	35
김옥성	21	1967/04/05	49	1987/04/01	52	52	7502	518	602	234	4	16
김용근	프	1982/02/12	35	2005/05/04	51	51	2904	468	383	480	81	67
김정준	32	1989/07/04	27	2010/06/09	51	52	1265	71	80	175	6	7
김철호	23	1987/07/20	29	2008/06/18	52	52	1607	126	122	254	18	25
김태훈	17	1995/07/17	21	2013/06/01	51	52	305	22	19	43	5	3
김혜선	53	1988/08/31	28	2009/06/01	51	51	2822	211	224	402	34	42
문세영	프	1980/09/04	36	2001/07/06	53	53	6682	1357	1020	481	111	74
문정균	06	1973/12/06	43	1998/06/15	51	51	5438	403	473	242	20	13
박병윤	35	1987/04/24	29	2008/06/18	52	52	1699	103	135	242	15	17
박상우	18	1988/03/18	28	2009/06/01	51	51	1685	69	105	76	1	6
박시천	30	1983/01/11	34	2008/06/18	51	51	1382	50	62	61	0	1
박을운	39	1975/04/04	41	1998/06/15	53	53	2566	296	301	213	30	35
박종현	26	1985/11/17	31	2010/06/03	49	49	277	8	15	0	0	0
박태종	프	1965/12/20	51	1987/04/01	51	51	13501	2014	1850	255	27	34
박현우	36	1990/12/01	26	2012/06/07	52	52	1289	92	76	162	11	14
방춘식	01	1969/09/19	47	1990/06/01	52	52	4284	354	348	66	2	2
벨리	프	1972/05/16	44	2016/08/28	52	52	207	12	10	207	12	10
부민호	15	1985/06/03	31	2007/06/01	52	52	1381	106	86	157	10	9
송재철	프	1990/10/24	26	2013/06/01	52	52	1513	82	120	534	39	43
신지	프	1980/09/18	36	2017/01/20	52	52	45	1	3	45	1	3
신형철	32	1967/05/30	49	1988/04/01	54	54	6359	680	715	52	7	7
안효리	37	1989/06/04	27	2012/06/07	51	51	1135	63	61	143	7	6
얀	프	1974/03/25	42	2016/12/21	53	53	71	3	8	71	3	8
유승완	프	1985/12/17	31	2007/06/01	52	52	2969	229	225	367	28	32
윤영민	28	1973/12/15	43	1996/06/01	52	52	1661	70	86	74	6	5
윤태혁	19	1979/01/03	38	1999/09/01	54	54	1625	112	145	78	9	6
이강서	20	1988/03/19	28	2010/06/09	51	52	919	49	49	27	0	1
이기회	27	1978/11/04	38	2004/06/02	52	52	3086	115	145	99	3	10
이동국	11	1979/11/23	37	2001/07/06	53	52	3154	210	241	154	4	3
이동하	35	1994/07/28	22	2016/06/18	48	48	164	13	14	164	13	14
이상혁	30	1983/03/16	33	2008/06/18	52	52	3107	277	274	276	34	19
이아나	27	1989/01/01	28	2011/08/24	50	50	1051	52	46	103	6	3
이애리	28	1980/07/21	36	2002/09/13	51	51	1232	58	71	3	0	0
이준철	48	1980/02/23	37	1999/09/01	53	53	2583	190	229	163	17	24
이철경	33	1988/08/25	28	2016/06/18	49	49	159	11	17	159	11	17
이해동	52	1988/03/23	28	2009/06/01	51	51	1188	52	56	105	5	4
이혁	프	1987/01/05	30	2011/08/24	51	51	2081	151	149	525	42	41
이현종	18	1993/08/24	23	2015/06/18	49	49	547	74	49	323	40	30
임기원	프	1980/10/10	36	2013/06/19	49	49	1039	124	93	451	56	47
장추열	20	1988/09/11	28	2010/06/09	52	53	2085	176	190	177	15	13
전덕용	39	1980/03/04	37	2001/07/06	53	53	2338	140	161	49	2	5
정정희	23	1993/09/15	23	2014/06/05	49	49	747	36	48	273	16	23
정평수	09	1965/04/16	51	1987/04/01	52	52	4704	283	373	83	3	4
조재로	29	1993/09/29	23	2015/06/18	49	49	507	47	46	304	27	34
조한별	미계약	1991/02/04	26	2013/06/01	49	49	597	23	46	0	0	0
지하주	03	1974/04/10	42	1995/07/01	51	51	3217	257	270	76	3	4
최범현	05	1979/04/11	37	2001/07/06	53	53	5710	708	664	249	44	36
최원준	53	1984/08/28	32	2007/06/01	52	52	1830	75	112	70	0	0
칼슨	프	1991/12/16	25	2017/01/20	52	52	50	4	3	50	4	3
페로비치	프	1981/07/17	35	2015/05/01	53	53	892	142	122	456	80	69
하정훈	54	1990/09/04	26	2015/06/18	49	49	409	24	29	280	17	25
한성열	52	1978/12/04	38	1999/09/01	52	52	2831	158	224	59	1	0
황순도	01	1977/10/26	39	1998/06/15	52	52	2193	82	126	38	4	1
황종우	17	1982/07/18	34	2007/05/19	51	51	693	25	32	79	2	3