권석원	미계약	1991/10/30	25	2013/06/01	52	52	446	33	25	0	0	0
김귀배	21	1962/12/18	54	1979/04/11	52	52	4192	311	310	87	3	6
김동수	프	1986/12/23	30	2014/06/05	49	49	1037	84	96	413	35	35
김옥성	21	1967/04/05	49	1987/04/01	52	52	7515	518	602	247	4	16
김용근	프	1982/02/12	35	2005/05/04	51	51	2935	471	387	496	83	69
김정준	32	1989/07/04	27	2010/06/09	51	52	1274	72	82	184	7	9
김철호	23	1987/07/20	29	2008/06/18	52	52	1619	127	123	255	18	25
김태훈	17	1995/07/17	21	2013/06/01	51	52	319	22	20	57	5	4
김혜선	53	1988/08/31	28	2009/06/01	51	51	2836	212	227	396	30	44
문세영	프	1980/09/04	36	2001/07/06	53	53	6718	1362	1030	517	116	84
문정균	06	1973/12/06	43	1998/06/15	51	51	5450	405	473	240	21	13
박병윤	35	1987/04/24	29	2008/06/18	52	52	1708	103	137	240	14	16
박상우	18	1988/03/18	29	2009/06/01	51	51	1689	69	105	80	1	6
박시천	30	1983/01/11	34	2008/06/18	51	51	1384	50	62	61	0	1
박을운	39	1975/04/04	41	1998/06/15	53	53	2580	300	302	227	34	36
박종현	26	1985/11/17	31	2010/06/03	49	49	277	8	15	0	0	0
박태종	프	1965/12/20	51	1987/04/01	51	51	13501	2014	1850	234	26	33
박현우	36	1990/12/01	26	2012/06/07	52	52	1294	92	76	158	11	14
방춘식	01	1969/09/19	47	1990/06/01	52	52	4288	354	348	67	2	2
벨리	프	1972/05/16	44	2016/08/28	52	52	222	12	12	222	12	12
부민호	15	1985/06/03	31	2007/06/01	52	52	1392	107	87	160	11	9
송재철	프	1990/10/24	26	2013/06/01	52	52	1545	84	123	536	39	41
신지	프	1980/09/18	36	2017/01/20	52	52	67	2	5	67	2	5
신형철	32	1967/05/30	49	1988/04/01	54	54	6367	680	715	54	5	7
안효리	37	1989/06/04	27	2012/06/07	51	51	1138	63	61	132	6	6
얀	프	1974/03/25	42	2016/12/21	53	53	81	3	8	81	3	8
유승완	프	1985/12/17	31	2007/06/01	52	52	2969	229	225	339	27	27
윤영민	28	1973/12/15	43	1996/06/01	52	52	1665	70	86	76	6	5
윤태혁	19	1979/01/03	38	1999/09/01	54	54	1626	112	145	76	9	6
이강서	20	1988/03/19	29	2010/06/09	51	52	919	49	49	27	0	1
이기회	27	1978/11/04	38	2004/06/02	52	52	3087	115	145	92	3	10
이동국	02	1979/11/23	37	2001/07/06	53	52	3161	211	241	151	5	3
이동하	35	1994/07/28	22	2016/06/18	48	48	164	13	14	164	13	14
이상혁	30	1983/03/16	34	2008/06/18	52	52	3113	277	275	269	34	20
이아나	27	1989/01/01	28	2011/08/24	50	50	1060	52	46	108	5	3
이애리	28	1980/07/21	36	2002/09/13	51	51	1233	58	71	4	0	0
이준철	48	1980/02/23	37	1999/09/01	53	53	2590	192	230	165	19	24
이철경	33	1988/08/25	28	2016/06/18	49	49	176	13	20	176	13	20
이해동	52	1988/03/23	29	2009/06/01	51	51	1195	52	56	109	5	4
이혁	프	1987/01/05	30	2011/08/24	51	51	2103	154	150	522	45	41
이현종	18	1993/08/24	23	2015/06/18	49	49	563	77	49	326	41	29
임기원	프	1980/10/10	36	2013/06/19	49	49	1039	124	93	418	52	47
장추열	20	1988/09/11	28	2010/06/09	52	53	2085	176	190	177	15	13
전덕용	39	1980/03/04	37	2001/07/06	53	53	2339	140	161	47	1	4
정정희	23	1993/09/15	23	2014/06/05	49	49	761	37	48	275	17	22
정평수	09	1965/04/16	51	1987/04/01	52	52	4708	283	373	82	3	4
조재로	29	1993/09/29	23	2015/06/18	49	49	514	48	46	297	26	33
조한별	미계약	1991/02/04	26	2013/06/01	49	49	597	23	46	0	0	0
지하주	03	1974/04/10	42	1995/07/01	51	51	3222	257	270	78	3	4
최범현	05	1979/04/11	37	2001/07/06	53	53	5725	708	665	252	43	34
최원준	53	1984/08/28	32	2007/06/01	52	52	1831	75	112	68	0	0
칼슨	프	1991/12/16	25	2017/01/20	52	52	55	5	4	55	5	4
페로비치	프	1981/07/17	35	2015/05/01	53	53	923	150	123	462	84	66
하정훈	54	1990/09/04	26	2015/06/18	49	49	419	25	30	277	18	25
한성열	52	1978/12/04	38	1999/09/01	52	52	2831	158	224	48	1	0
황순도	01	1977/10/26	39	1998/06/15	52	52	2193	82	126	36	4	1
황종우	17	1982/07/18	34	2007/05/19	51	51	694	25	32	77	2	2