권석원	미계약	1991/10/30	24	2013/06/01	52	52	446	33	25	15	1	0
김귀배	21	1962/12/18	53	1979/04/11	52	52	4125	309	305	68	3	4
김도중	52	1991/10/04	24	2015/06/18	51	51	205	2	12	168	1	11
김동수	프	1986/12/23	29	2014/06/05	49	49	770	60	74	332	26	34
김옥성	프	1967/04/05	49	1987/04/01	52	52	7407	516	599	279	7	19
김정준	32	1989/07/04	27	2010/06/09	51	52	1134	67	74	44	2	1
김철호	23	1987/07/20	29	2008/06/18	52	52	1472	118	108	152	12	14
김태훈	미계약	1995/07/17	21	2013/06/01	51	52	262	17	16	0	0	0
김혜선	프	1988/08/31	28	2009/06/01	51	51	2647	196	208	496	36	43
문세영	프	1980/09/04	35	2001/07/06	53	53	6436	1303	978	540	122	90
문정균	06	1973/12/06	42	1998/06/15	51	51	5312	388	464	214	12	9
박병윤	35	1987/04/24	29	2008/06/18	52	52	1583	94	128	255	13	15
박상우	18	1988/03/18	28	2009/06/01	51	51	1609	68	99	0	0	0
박시천	30	1983/01/11	33	2008/06/18	51	51	1350	50	61	49	0	0
박을운	39	1975/04/04	41	1998/06/15	53	53	2444	282	283	232	34	35
박종현	26	1985/11/17	30	2010/06/03	49	49	277	8	15	0	0	0
박태종	프	1965/12/20	50	1987/04/01	51	51	13475	2011	1846	548	50	61
박현우	36	1990/12/01	25	2012/06/07	52	52	1223	89	69	228	19	14
방춘식	01	1969/09/19	46	1990/06/01	52	52	4237	354	347	89	4	4
벨리	프	1972/05/16	44	2016/08/28	52	52	0	0	0	0	0	0
부민호	33	1985/06/03	31	2007/06/01	52	52	1283	98	81	128	5	5
송재철	프	1990/10/24	25	2013/06/01	52	52	1304	65	99	543	33	39
신형철	32	1967/05/30	49	1988/04/01	54	54	6352	680	715	132	19	20
안효리	37	1989/06/04	27	2012/06/07	51	51	1056	60	58	166	11	9
유승완	프	1985/12/17	30	2007/06/01	52	52	2824	215	217	528	40	43
윤영민	28	1973/12/15	42	1996/06/01	52	52	1626	70	83	82	6	6
윤태혁	19	1979/01/03	37	1999/09/01	54	54	1602	109	140	70	8	4
이강서	미계약	1988/03/19	28	2010/06/09	51	52	892	49	48	0	0	0
이기회	27	1978/11/04	37	2004/06/02	52	52	3036	115	139	103	4	5
이동국	11	1979/11/23	36	2001/07/06	53	52	3051	206	239	80	0	2
이동하	35	1994/07/28	22	2016/06/18	48	48	41	3	2	41	3	2
이상혁	30	1983/03/16	33	2008/06/18	52	52	2989	265	266	407	36	32
이아나	27	1989/01/01	27	2011/08/24	50	50	995	48	44	138	5	3
이애리	28	1980/07/21	36	2002/09/13	51	51	1229	58	71	10	0	0
이준철	48	1980/02/23	36	1999/09/01	53	53	2508	183	215	175	19	20
이찬호	프	1992/05/27	24	2013/06/01	51	52	1252	170	148	476	68	51
이철경	33	1988/08/25	28	2016/06/18	49	49	23	0	2	23	0	2
이해동	52	1988/03/23	28	2009/06/01	51	51	1144	49	54	152	2	5
이혁	프	1987/01/05	29	2011/08/24	51	51	1823	132	133	519	40	40
이현종	50	1993/08/24	23	2015/06/18	49	49	385	54	36	337	49	31
임기원	프	1980/10/10	35	2013/06/19	49	49	802	93	72	418	48	40
임란	프	1977/02/01	39	2016/04/16	50	50	164	11	11	164	11	11
장추열	20	1988/09/11	27	2010/06/09	52	53	1919	161	177	159	22	14
전덕용	미계약	1980/03/04	36	2001/07/06	53	53	2312	140	159	69	4	7
정정희	23	1993/09/15	22	2014/06/05	49	49	593	27	36	178	10	13
정평수	09	1965/04/16	51	1987/04/01	52	52	4687	282	373	111	3	5
정현	07	1986/06/23	30	2015/06/18	51	51	47	4	4	47	4	4
조성곤	프	1982/01/23	34	2005/05/04	52	52	4508	697	597	423	60	40
조인권	프	1987/01/18	29	2008/06/18	52	52	2452	345	259	140	11	15
조재로	29	1993/09/29	22	2015/06/18	49	49	350	35	32	320	34	30
조한별	미계약	1991/02/04	25	2013/06/01	49	49	597	23	46	20	0	2
지하주	03	1974/04/10	42	1995/07/01	53	53	3153	254	266	85	5	8
최범현	05	1979/04/11	37	2001/07/06	53	53	5578	685	647	241	33	35
최원준	53	1984/08/28	32	2007/06/01	52	52	1801	75	112	99	4	1
페로비치	프	1981/07/17	35	2015/05/01	53	53	569	84	73	419	63	63
하정훈	41	1990/09/04	25	2015/06/18	49	49	287	16	19	259	14	19
한성열	52	1978/12/04	37	1999/09/01	52	52	2829	158	224	137	2	8
함완식	프	1978/01/01	38	1998/06/15	53	53	4943	621	618	259	37	40
황순도	01	1977/10/26	38	1998/06/15	52	52	2167	81	126	48	4	4
황종우	17	1982/07/18	34	2007/05/19	51	51	653	24	30	75	1	2