고성이	16	1974/05/10	42	1996/06/01	54	54	1932	91	103	0	0	0
권석원	미계약	1991/10/30	24	2013/06/01	52	52	446	33	25	48	1	2
김귀배	21	1962/12/18	53	1979/04/11	53	53	4112	308	304	78	3	4
김도중	52	1991/10/04	24	2015/06/18	51	51	155	2	11	155	2	11
김동수	37	1986/12/23	29	2014/06/05	49	49	680	55	67	321	27	38
김석봉	19	1978/09/02	37	2002/09/13	53	53	1648	69	54	15	0	2
김영진	44	1978/08/17	37	2001/07/06	53	53	2011	119	128	37	0	2
김옥성	프	1967/04/05	49	1987/04/01	52	52	7335	515	592	291	12	15
김정준	32	1989/07/04	26	2010/06/09	51	52	1098	66	73	8	1	0
김철호	23	1987/07/20	28	2008/06/18	52	52	1422	115	102	162	16	9
김태훈	미계약	1995/07/17	20	2013/06/01	51	52	262	17	16	0	0	0
김혜선	프	1988/08/31	27	2009/06/01	51	51	2521	191	188	483	39	31
딘홀랜드	프	1988/09/12	27	2016/03/01	49	49	103	7	6	103	7	6
마시마	프	1983/07/08	32	2016/05/29	0 	0 	1	0	0	1	0	0
문세영	프	1980/09/04	35	2001/07/06	53	53	6349	1284	966	591	137	113
문정균	06	1973/12/06	42	1998/06/15	51	51	5254	386	461	156	10	6
박병윤	35	1987/04/24	29	2008/06/18	52	52	1520	91	122	235	11	13
박상우	미계약	1988/03/18	28	2009/06/01	51	51	1609	68	99	0	0	0
박시천	30	1983/01/11	33	2008/06/18	51	51	1337	50	61	62	1	0
박을운	39	1975/04/04	41	1998/06/15	53	53	2404	274	275	244	31	27
박종현	26	1985/11/17	30	2010/06/03	49	49	277	8	15	0	0	0
박태종	프	1965/12/20	50	1987/04/01	51	51	13386	2001	1834	606	60	61
박현우	36	1990/12/01	25	2012/06/07	52	52	1182	85	65	252	19	15
방춘식	01	1969/09/19	46	1990/06/01	52	52	4228	352	347	116	7	6
부민호	33	1985/06/03	31	2007/06/01	52	52	1266	98	79	116	5	3
서도수	39	1976/09/01	39	2002/09/13	52	52	1054	35	44	13	0	0
송재철	프	1990/10/24	25	2013/06/01	52	52	1139	51	90	446	25	39
신대전	34	1974/03/07	42	1996/06/01	48	50	2187	58	71	27	1	0
신형철	32	1967/05/30	49	1988/04/01	54	54	6335	678	714	162	22	24
안효리	20	1989/06/04	27	2012/06/07	51	51	1047	59	57	211	13	13
야노	프	1984/08/03	31	2016/05/29	0 	0 	1	0	0	1	0	0
유미라	38	1984/03/11	32	2008/06/18	51	51	958	12	26	29	0	1
유승완	프	1985/12/17	30	2007/06/01	52	52	2739	207	210	553	43	47
유재필	11	1980/10/29	35	2001/07/06	51	51	1126	34	57	2	0	0
윤영민	28	1973/12/15	42	1996/06/01	52	52	1605	66	81	75	2	4
윤태혁	19	1979/01/03	37	1999/09/01	54	54	1576	105	139	54	5	5
이강서	미계약	1988/03/19	28	2010/06/09	51	52	892	49	48	0	0	0
이금주	14	1976/11/26	39	2001/07/06	48	48	969	27	52	56	2	2
이기회	27	1978/11/04	37	2004/06/02	52	52	3019	115	138	107	4	5
이동국	11	1979/11/23	36	2001/07/06	53	52	3034	206	239	73	0	2
이상혁	프	1983/03/16	33	2008/06/18	52	52	2915	253	259	411	29	36
이아나	27	1989/01/01	27	2011/08/24	50	50	978	48	43	149	5	2
이애리	28	1980/07/21	35	2002/09/13	51	51	1229	58	71	15	0	0
이준철	48	1980/02/23	36	1999/09/01	53	53	2460	175	211	163	13	20
이찬호	프	1992/05/27	24	2013/06/01	51	52	1110	141	136	450	56	50
이해동	52	1988/03/23	28	2009/06/01	51	51	1111	48	53	119	1	4
이혁	프	1987/01/05	29	2011/08/24	51	51	1688	117	122	515	31	41
이현종	50	1993/08/24	22	2015/06/18	49	49	315	43	31	315	43	31
임기원	프	1980/10/10	35	2013/06/19	49	49	691	79	56	376	40	29
임란	프	1977/02/01	39	2016/04/16	50	50	56	5	3	56	5	3
장추열	20	1988/09/11	27	2010/06/09	52	53	1908	161	177	219	27	24
전덕용	34	1980/03/04	36	2001/07/06	53	53	2312	140	159	108	5	10
정정희	23	1993/09/15	22	2014/06/05	49	49	535	23	32	196	12	13
정평수	09	1965/04/16	51	1987/04/01	52	52	4659	281	370	86	2	2
정현	18	1986/06/23	29	2015/06/18	51	51	44	4	4	44	4	4
조성곤	프	1982/01/23	34	2005/05/04	52	52	4448	689	593	473	80	56
조인권	14	1987/01/18	29	2008/06/18	52	52	2328	334	246	16	0	2
조재로	29	1993/09/29	22	2015/06/18	49	49	284	29	22	284	29	22
조한별	미계약	1991/02/04	25	2013/06/01	49	49	597	23	46	88	3	4
지하주	03	1974/04/10	42	1995/07/01	53	53	3151	254	266	132	8	9
최범현	05	1979/04/11	37	2001/07/06	53	53	5530	676	639	267	36	39
최원준	34	1984/08/28	31	2007/06/01	52	52	1788	75	112	96	5	4
타츠시로	프	1978/12/19	37	2016/05/29	0 	0 	1	0	0	1	0	0
패트릭	프	1992/06/12	23	2016/04/16	52	52	6	0	0	6	0	0
페로비치	프	1981/07/17	34	2015/05/01	53	53	569	84	73	533	83	70
하정훈	41	1990/09/04	25	2015/06/18	49	49	209	13	11	209	13	11
한성열	52	1978/12/04	37	1999/09/01	52	52	2800	157	224	161	3	14
함완식	52	1978/01/01	38	1998/06/15	53	53	4878	613	605	269	39	44
황순도	01	1977/10/26	38	1998/06/15	52	52	2164	81	126	73	4	4
황종우	17	1982/07/18	33	2007/05/19	51	51	630	23	30	53	0	2