권석원	미계약	1991/10/30	25	2013/06/01	52	52	446	33	25	0	0	0
김귀배	21	1962/12/18	54	1979/04/11	52	52	4200	311	311	91	3	7
김동수	프	1986/12/23	30	2014/06/05	49	49	1086	90	100	447	40	37
김옥성	21	1967/04/05	50	1987/04/01	52	52	7524	518	602	236	4	12
김용근	프	1982/02/12	35	2005/05/04	51	51	2987	483	395	509	83	72
김정준	32	1989/07/04	27	2010/06/09	51	52	1292	72	85	202	7	12
김철호	23	1987/07/20	29	2008/06/18	52	52	1640	127	126	261	18	26
김태훈	17	1995/07/17	21	2013/06/01	51	51	344	24	24	82	7	8
김혜선	53	1988/08/31	28	2009/06/01	51	51	2859	218	228	408	34	45
문세영	프	1980/09/04	36	2001/07/06	53	53	6756	1370	1036	520	116	82
문정균	06	1973/12/06	43	1998/06/15	51	51	5473	406	474	249	20	14
박병윤	35	1987/04/24	29	2008/06/18	52	52	1721	104	138	242	15	17
박상우	18	1988/03/18	29	2009/06/01	51	51	1709	69	105	100	1	6
박시천	30	1983/01/11	34	2008/06/18	51	51	1388	50	62	61	0	1
박을운	39	1975/04/04	42	1998/06/15	53	53	2599	300	306	231	31	38
박종현	26	1985/11/17	31	2010/06/03	49	49	277	8	15	0	0	0
박태종	프	1965/12/20	51	1987/04/01	51	51	13501	2014	1850	197	20	26
박현우	36	1990/12/01	26	2012/06/07	52	52	1302	94	76	150	11	13
방춘식	01	1969/09/19	47	1990/06/01	52	52	4295	354	348	67	2	1
벨리	프	1972/05/16	44	2016/08/28	52	52	255	13	13	255	13	13
부민호	15	1985/06/03	31	2007/06/01	52	52	1413	108	90	168	11	12
송재철	프	1990/10/24	26	2013/06/01	52	52	1587	90	126	540	43	41
신지	프	1980/09/18	36	2017/01/20	52	52	111	5	8	111	5	8
신형철	32	1967/05/30	49	1988/04/01	54	54	6383	680	716	59	3	6
안효리	37	1989/06/04	27	2012/06/07	51	51	1146	63	63	129	5	8
얀	프	1974/03/25	43	2016/12/21	53	53	101	5	9	101	5	9
유승완	프	1985/12/17	31	2007/06/01	52	52	2969	229	225	325	26	26
윤영민	28	1973/12/15	43	1996/06/01	52	52	1671	70	86	76	5	5
윤태혁	19	1979/01/03	38	1999/09/01	54	54	1630	113	145	73	9	6
이강서	20	1988/03/19	29	2010/06/09	51	52	919	49	49	27	0	1
이기회	27	1978/11/04	38	2004/06/02	52	52	3089	115	145	86	2	9
이동국	02	1979/11/23	37	2001/07/06	52	52	3171	211	242	154	5	3
이동하	35	1994/07/28	22	2016/06/18	48	48	172	13	16	172	13	16
이상혁	30	1983/03/16	34	2008/06/18	52	52	3113	277	275	240	29	20
이아나	27	1989/01/01	28	2011/08/24	50	50	1069	53	46	107	5	3
이애리	28	1980/07/21	36	2002/09/13	51	51	1234	58	71	5	0	0
이준철	48	1980/02/23	37	1999/09/01	53	53	2596	194	230	160	21	24
이철경	33	1988/08/25	28	2016/06/18	49	49	176	13	20	176	13	20
이해동	52	1988/03/23	29	2009/06/01	51	51	1202	52	56	107	4	3
이혁	프	1987/01/05	30	2011/08/24	51	51	2131	157	154	517	48	39
이현종	18	1993/08/24	23	2015/06/18	49	49	579	80	51	318	43	28
임기원	프	1980/10/10	36	2013/06/19	49	49	1039	124	93	390	49	43
장추열	20	1988/09/11	28	2010/06/09	52	53	2085	176	190	177	15	13
전덕용	39	1980/03/04	37	2001/07/06	53	53	2341	140	161	42	1	3
정정희	23	1993/09/15	23	2014/06/05	49	49	782	38	49	278	18	23
정평수	09	1965/04/16	51	1987/04/01	52	52	4717	283	373	83	3	4
조재로	29	1993/09/29	23	2015/06/18	49	49	514	48	46	284	24	32
조한별	미계약	1991/02/04	26	2013/06/01	49	49	597	23	46	0	0	0
지하주	03	1974/04/10	43	1995/07/01	51	51	3225	257	270	80	3	4
최범현	05	1979/04/11	38	2001/07/06	53	53	5740	709	666	252	42	33
최원준	53	1984/08/28	32	2007/06/01	52	52	1836	75	112	69	0	0
페로비치	프	1981/07/17	35	2015/05/01	53	53	951	153	127	474	86	69
하정훈	54	1990/09/04	26	2015/06/18	49	49	441	27	31	283	17	25
한성열	52	1978/12/04	38	1999/09/01	52	52	2831	158	224	41	1	0
황순도	01	1977/10/26	39	1998/06/15	52	52	2193	82	126	35	3	1
황종우	17	1982/07/18	34	2007/05/19	51	51	699	25	32	79	2	2