고성이	16	1974/05/10	41	1996/06/01	54	54	1932	91	103	0	0	0
권석원	미계약	1991/10/30	24	2013/06/01	52	52	446	33	25	112	3	3
김귀배	21	1962/12/18	53	1979/04/11	53	53	4089	308	304	125	4	9
김도중	05	1991/10/04	24	2015/06/18	50	50	85	1	6	85	1	6
김동수	37	1986/12/23	29	2014/06/05	49	49	548	44	55	355	28	39
김동철	49	1974/11/28	41	1995/07/01	52	52	4154	231	276	164	2	7
김석봉	19	1978/09/02	37	2002/09/13	53	53	1642	69	54	56	1	3
김영진	44	1978/08/17	37	2001/07/06	53	53	2009	119	127	73	1	1
김옥성	프	1967/04/05	48	1987/04/01	52	52	7232	513	583	370	19	14
김정준	미계약	1989/07/04	26	2010/06/09	51	52	1090	65	73	0	0	0
김철호	23	1987/07/20	28	2008/06/18	52	52	1330	106	94	307	31	18
김태훈	미계약	1995/07/17	20	2013/06/01	51	52	262	17	16	0	0	0
김혜선	프	1988/08/31	27	2009/06/01	51	51	2347	171	177	570	49	37
니콜라	프	1988/10/15	27	2015/10/16	54	54	37	3	3	37	3	3
다카하시	프	1987/04/14	28	2015/07/08	52	52	257	19	31	257	19	31
문세영	프	1980/09/04	35	2001/07/06	53	53	6084	1220	924	585	147	124
문정균	06	1973/12/06	42	1998/06/15	51	51	5140	376	457	113	3	7
박병윤	35	1987/04/24	28	2008/06/18	52	52	1421	84	118	263	14	15
박상우	미계약	1988/03/18	27	2009/06/01	51	51	1609	68	99	0	0	0
박시천	30	1983/01/11	32	2008/06/18	51	51	1312	50	61	84	1	1
박을운	39	1975/04/04	40	1998/06/15	53	53	2293	255	256	288	41	35
박종현	26	1985/11/17	30	2010/06/03	49	49	277	8	15	0	0	0
박태종	프	1965/12/20	50	1987/04/01	51	51	13127	1978	1803	666	77	65
박현우	36	1990/12/01	25	2012/06/07	52	52	1081	78	62	370	21	23
방춘식	01	1969/09/19	46	1990/06/01	52	52	4194	352	343	99	7	4
부민호	33	1985/06/03	30	2007/06/01	51	51	1218	96	77	68	3	1
서도수	39	1976/09/01	39	2002/09/13	52	52	1051	35	44	25	0	1
송재철	프	1990/10/24	25	2013/06/01	49	49	876	40	74	351	24	31
신대전	34	1974/03/07	41	1996/06/01	48	50	2171	58	71	37	1	1
신형철	32	1967/05/30	48	1988/04/01	54	54	6283	670	703	189	18	24
안효리	20	1989/06/04	26	2012/06/07	51	51	974	55	52	260	16	16
유미라	38	1984/03/11	31	2008/06/18	51	51	951	12	26	43	0	1
유승완	프	1985/12/17	30	2007/06/01	52	52	2491	190	185	565	49	49
유재필	11	1980/10/29	35	2001/07/06	51	51	1126	34	57	4	0	0
윤영민	28	1973/12/15	42	1996/06/01	52	52	1567	64	78	83	1	6
윤태혁	19	1979/01/03	36	1999/09/01	54	54	1544	103	139	54	4	9
이강서	미계약	1988/03/19	27	2010/06/09	51	52	892	49	48	0	0	0
이금주	14	1976/11/26	39	2001/07/06	48	48	945	26	51	75	1	1
이기회	27	1978/11/04	37	2004/06/02	52	52	2958	111	135	133	1	2
이동국	11	1979/11/23	36	2001/07/06	53	53	2983	206	238	62	0	1
이상혁	프	1983/03/16	32	2008/06/18	52	52	2750	240	248	390	29	32
이아나	27	1989/01/01	26	2011/08/24	50	50	916	45	41	211	5	2
이애리	28	1980/07/21	35	2002/09/13	51	51	1229	58	71	49	1	4
이준철	48	1980/02/23	35	1999/09/01	53	53	2402	171	203	231	21	24
이찬호	프	1992/05/27	23	2013/06/01	51	52	976	130	114	393	56	39
이해동	52	1988/03/23	27	2009/06/01	51	51	1046	47	51	54	0	2
이혁	프	1987/01/05	28	2011/08/24	51	51	1447	102	102	510	31	35
이현종	50	1993/08/24	22	2015/06/18	49	49	160	22	13	160	22	13
임기원	프	1980/10/10	35	2013/06/19	49	49	486	58	36	209	24	14
장추열	20	1988/09/11	27	2010/06/09	52	53	1853	152	173	327	43	37
전덕용	34	1980/03/04	35	2001/07/06	53	53	2273	136	155	163	4	10
정정희	23	1993/09/15	22	2014/06/05	49	49	416	17	23	219	12	11
정평수	09	1965/04/16	50	1987/04/01	52	52	4583	280	368	100	4	7
정현	18	1986/06/23	29	2015/06/18	51	51	34	2	4	34	2	4
조성곤	프	1982/01/23	33	2005/05/04	52	52	4194	659	572	456	104	68
조인권	미계약	1987/01/18	28	2008/06/18	52	52	2312	334	244	0	0	0
조재로	29	1993/09/29	22	2015/06/18	49	49	141	14	7	141	14	7
조한별	미계약	1991/02/04	24	2013/06/01	49	49	597	23	46	101	3	4
지하주	03	1974/04/10	41	1995/07/01	53	53	3128	254	266	116	9	10
최범현	05	1979/04/11	36	2001/07/06	53	53	5418	661	626	327	39	47
최원준	34	1984/08/28	31	2007/06/01	52	52	1742	73	111	95	4	3
페로비치	프	1981/07/17	34	2015/05/01	53	53	319	47	31	319	47	31
하정훈	41	1990/09/04	25	2015/06/18	49	49	69	3	1	69	3	1
한성열	52	1978/12/04	37	1999/09/01	52	52	2753	156	222	262	4	23
함완식	52	1978/01/01	37	1998/06/15	53	53	4793	599	592	378	50	59
황순도	01	1977/10/26	38	1998/06/15	52	52	2145	78	124	109	3	3
황종우	17	1982/07/18	33	2007/05/19	51	51	580	23	28	11	1	0