고성이	16	1974/05/10	41	1996/06/01	54	54	1932	91	103	0	0	0
권석원	미계약	1991/10/30	24	2013/06/01	52	52	446	33	25	60	1	2
김귀배	21	1962/12/18	53	1979/04/11	53	53	4112	308	304	92	3	5
김도중	52	1991/10/04	24	2015/06/18	50	50	143	2	10	143	2	10
김동수	37	1986/12/23	29	2014/06/05	49	49	657	52	64	333	27	38
김석봉	19	1978/09/02	37	2002/09/13	53	53	1648	69	54	23	0	2
김영진	44	1978/08/17	37	2001/07/06	53	53	2011	119	128	37	0	2
김옥성	프	1967/04/05	49	1987/04/01	52	52	7307	515	590	317	16	16
김정준	32	1989/07/04	26	2010/06/09	51	52	1090	65	73	0	0	0
김철호	23	1987/07/20	28	2008/06/18	52	52	1400	112	102	203	17	14
김태훈	미계약	1995/07/17	20	2013/06/01	51	52	262	17	16	0	0	0
김혜선	프	1988/08/31	27	2009/06/01	51	51	2476	186	184	494	38	34
딘홀랜드	프	1988/09/12	27	2016/03/01	49	49	60	3	2	60	3	2
문세영	프	1980/09/04	35	2001/07/06	53	53	6280	1269	958	598	143	119
문정균	06	1973/12/06	42	1998/06/15	51	51	5238	386	460	140	10	5
박병윤	35	1987/04/24	29	2008/06/18	52	52	1497	89	122	230	12	13
박상우	미계약	1988/03/18	28	2009/06/01	51	51	1609	68	99	0	0	0
박시천	30	1983/01/11	33	2008/06/18	51	51	1330	50	61	62	1	0
박을운	39	1975/04/04	41	1998/06/15	53	53	2390	271	272	264	34	30
박종현	26	1985/11/17	30	2010/06/03	49	49	277	8	15	0	0	0
박태종	프	1965/12/20	50	1987/04/01	51	51	13339	1998	1827	614	59	59
박현우	36	1990/12/01	25	2012/06/07	52	52	1162	83	64	257	19	16
방춘식	01	1969/09/19	46	1990/06/01	52	52	4228	352	347	133	7	8
부민호	33	1985/06/03	30	2007/06/01	52	52	1254	97	78	104	4	2
서도수	39	1976/09/01	39	2002/09/13	52	52	1054	35	44	17	0	0
송재철	프	1990/10/24	25	2013/06/01	49	49	1084	48	86	425	24	36
신대전	34	1974/03/07	42	1996/06/01	48	50	2181	58	71	22	1	0
신형철	32	1967/05/30	48	1988/04/01	54	54	6329	677	711	170	22	23
안효리	20	1989/06/04	26	2012/06/07	51	51	1024	59	55	215	18	11
유미라	38	1984/03/11	32	2008/06/18	51	51	958	12	26	36	0	1
유승완	프	1985/12/17	30	2007/06/01	52	52	2678	203	204	525	44	43
유재필	11	1980/10/29	35	2001/07/06	51	51	1126	34	57	3	0	0
윤영민	28	1973/12/15	42	1996/06/01	52	52	1600	65	81	79	1	5
윤태혁	19	1979/01/03	37	1999/09/01	54	54	1567	105	139	56	5	7
이강서	미계약	1988/03/19	28	2010/06/09	51	52	892	49	48	0	0	0
이금주	14	1976/11/26	39	2001/07/06	48	48	964	27	51	51	2	1
이기회	27	1978/11/04	37	2004/06/02	52	52	3011	113	137	105	3	4
이동국	11	1979/11/23	36	2001/07/06	53	52	3027	206	239	74	0	2
이상혁	프	1983/03/16	33	2008/06/18	52	52	2892	251	258	422	30	38
이아나	27	1989/01/01	27	2011/08/24	50	50	964	48	43	164	6	2
이애리	28	1980/07/21	35	2002/09/13	51	51	1229	58	71	21	0	0
이준철	48	1980/02/23	36	1999/09/01	53	53	2449	174	208	170	12	19
이찬호	프	1992/05/27	23	2013/06/01	51	52	1067	137	131	441	57	51
이해동	52	1988/03/23	28	2009/06/01	51	51	1102	48	53	110	1	4
이혁	프	1987/01/05	29	2011/08/24	51	51	1642	112	117	534	33	37
이현종	50	1993/08/24	22	2015/06/18	49	49	285	42	28	285	42	28
임기원	프	1980/10/10	35	2013/06/19	49	49	668	77	53	391	43	31
임란	프	1977/02/01	39	2016/04/16	50	50	3	0	0	3	0	0
장추열	20	1988/09/11	27	2010/06/09	52	53	1908	161	177	241	30	26
전덕용	34	1980/03/04	36	2001/07/06	53	53	2307	140	159	122	5	10
정정희	23	1993/09/15	22	2014/06/05	49	49	517	22	28	211	12	9
정평수	09	1965/04/16	51	1987/04/01	52	52	4645	281	370	92	2	3
정현	18	1986/06/23	29	2015/06/18	51	51	44	4	4	44	4	4
조성곤	프	1982/01/23	34	2005/05/04	52	52	4413	686	588	482	84	62
조인권	14	1987/01/18	29	2008/06/18	52	52	2312	334	244	0	0	0
조재로	29	1993/09/29	22	2015/06/18	49	49	250	27	16	250	27	16
조한별	미계약	1991/02/04	25	2013/06/01	49	49	597	23	46	101	3	4
지하주	03	1974/04/10	42	1995/07/01	53	53	3145	254	266	126	8	9
최범현	05	1979/04/11	37	2001/07/06	53	53	5506	670	637	268	32	44
최원준	34	1984/08/28	31	2007/06/01	52	52	1776	75	112	89	5	4
패트릭	프	1992/06/12	23	2016/04/16	52	52	1	0	0	1	0	0
페로비치	프	1981/07/17	34	2015/05/01	53	53	515	71	66	515	71	66
하정훈	41	1990/09/04	25	2015/06/18	49	49	178	10	7	178	10	7
한성열	52	1978/12/04	37	1999/09/01	52	52	2797	157	224	179	3	16
함완식	52	1978/01/01	38	1998/06/15	53	53	4863	609	604	289	41	48
황순도	01	1977/10/26	38	1998/06/15	52	52	2159	79	125	85	3	3
황종우	17	1982/07/18	33	2007/05/19	51	51	620	23	30	45	1	2